elapsed_s,err_x_px,err_pitch_px,marker_px,err_x_cm,distance_cm,lateral_thr_px,target_roll_us,target_pitch_us,actual_roll_deg,actual_pitch_deg,actual_yaw_deg,vib_x,vib_y,vib_z,aligned
0.000,0,0,0,0.00,-1.00,0.0,1500,1500,0.12,0.61,-117.36,3.4222,2.3163,7.1163,0
0.018,0,0,0,0.00,-1.00,0.0,1500,1500,0.12,0.61,-117.36,3.4222,2.3163,7.1163,0
0.035,0,0,0,0.00,-1.00,0.0,1500,1500,0.12,0.61,-117.36,3.4222,2.3163,7.1163,0
0.052,0,0,0,0.00,-1.00,0.0,1500,1500,0.12,0.61,-117.36,3.4222,2.3163,7.1163,0
0.069,0,0,0,0.00,-1.00,0.0,1500,1500,0.72,-0.17,-117.48,3.4222,2.3163,7.1163,0
0.087,0,0,0,0.00,-1.00,0.0,1500,1500,0.72,-0.17,-117.48,3.4222,2.3163,7.1163,0
0.103,0,0,0,0.00,-1.00,0.0,1500,1500,0.72,-0.17,-117.48,3.4222,2.3163,7.1163,0
0.121,0,0,0,0.00,-1.00,0.0,1500,1500,0.72,-0.17,-117.48,3.4222,2.3163,7.1163,0
0.138,0,0,0,0.00,-1.00,0.0,1500,1500,0.72,-0.17,-117.48,3.4222,2.3163,7.1163,0
0.155,0,0,0,0.00,-1.00,0.0,1500,1500,0.72,-0.17,-117.48,3.4222,2.3163,7.1163,0
0.172,0,0,0,0.00,-1.00,0.0,1500,1500,0.72,-0.17,-117.48,3.4222,2.3163,7.1163,0
0.189,0,0,0,0.00,-1.00,0.0,1500,1500,0.72,-0.17,-117.48,3.4222,2.3163,7.1163,0
0.206,0,0,0,0.00,-1.00,0.0,1500,1500,0.72,-0.17,-117.48,3.4222,2.3163,7.1163,0
0.223,0,0,0,0.00,-1.00,0.0,1500,1500,0.72,-0.17,-117.48,3.4222,2.3163,7.1163,0
0.240,0,0,0,0.00,-1.00,0.0,1500,1500,0.72,-0.17,-117.48,3.4222,2.3163,7.1163,0
0.257,0,0,0,0.00,-1.00,0.0,1500,1500,0.72,-0.17,-117.48,3.4222,2.3163,7.1163,0
0.274,0,0,0,0.00,-1.00,0.0,1500,1500,0.72,-0.17,-117.48,3.4222,2.3163,7.1163,0
0.291,0,0,0,0.00,-1.00,0.0,1500,1500,0.72,-0.17,-117.48,3.4222,2.3163,7.1163,0
0.308,0,0,0,0.00,-1.00,0.0,1500,1500,0.30,-0.72,-117.07,3.4222,2.3163,7.1163,0
0.325,0,0,0,0.00,-1.00,0.0,1500,1500,0.30,-0.72,-117.07,3.4222,2.3163,7.1163,0
0.342,0,0,0,0.00,-1.00,0.0,1500,1500,0.30,-0.72,-117.07,3.4222,2.3163,7.1163,0
0.359,0,0,0,0.00,-1.00,0.0,1500,1500,0.30,-0.72,-117.07,3.4222,2.3163,7.1163,0
0.376,0,0,0,0.00,-1.00,0.0,1500,1500,0.30,-0.72,-117.07,3.4222,2.3163,7.1163,0
0.393,0,0,0,0.00,-1.00,0.0,1500,1500,0.30,-0.72,-117.07,3.4222,2.3163,7.1163,0
0.410,0,0,0,0.00,-1.00,0.0,1500,1500,0.30,-0.72,-117.07,3.4222,2.3163,7.1163,0
0.427,0,0,0,0.00,-1.00,0.0,1500,1500,0.30,-0.72,-117.07,3.4222,2.3163,7.1163,0
0.444,0,0,0,0.00,-1.00,0.0,1500,1500,0.30,-0.72,-117.07,3.4222,2.3163,7.1163,0
0.461,0,0,0,0.00,-1.00,0.0,1500,1500,0.30,-0.72,-117.07,3.4222,2.3163,7.1163,0
0.478,0,0,0,0.00,-1.00,0.0,1500,1500,0.30,-0.72,-117.07,2.9786,1.8562,5.8539,0
0.495,0,0,0,0.00,-1.00,0.0,1500,1500,0.30,-0.72,-117.07,2.9786,1.8562,5.8539,0
0.512,0,0,0,0.00,-1.00,0.0,1500,1500,0.30,-0.72,-117.07,2.9786,1.8562,5.8539,0
0.529,0,0,0,0.00,-1.00,0.0,1500,1500,0.30,-0.72,-117.07,2.9786,1.8562,5.8539,0
0.546,0,0,0,0.00,-1.00,0.0,1500,1500,0.30,-0.72,-117.07,2.9786,1.8562,5.8539,0
0.564,0,0,0,0.00,-1.00,0.0,1500,1500,-0.25,-0.99,-117.33,2.9786,1.8562,5.8539,0
0.581,0,0,0,0.00,-1.00,0.0,1500,1500,-0.25,-0.99,-117.33,2.9786,1.8562,5.8539,0
0.598,0,0,0,0.00,-1.00,0.0,1500,1500,-0.25,-0.99,-117.33,2.9786,1.8562,5.8539,0
0.615,0,0,0,0.00,-1.00,0.0,1500,1500,-0.25,-0.99,-117.33,2.9786,1.8562,5.8539,0
0.633,0,0,0,0.00,-1.00,0.0,1500,1500,-0.25,-0.99,-117.33,2.9786,1.8562,5.8539,0
0.650,0,0,0,0.00,-1.00,0.0,1500,1500,-0.25,-0.99,-117.33,2.9786,1.8562,5.8539,0
0.667,0,0,0,0.00,-1.00,0.0,1500,1500,-0.25,-0.99,-117.33,2.9786,1.8562,5.8539,0
0.684,0,0,0,0.00,-1.00,0.0,1500,1500,-0.25,-0.99,-117.33,2.9786,1.8562,5.8539,0
0.702,0,0,0,0.00,-1.00,0.0,1500,1500,-0.25,-0.99,-117.33,2.9786,1.8562,5.8539,0
0.719,0,0,0,0.00,-1.00,0.0,1500,1500,-0.25,-0.99,-117.33,2.9786,1.8562,5.8539,0
0.736,0,0,0,0.00,-1.00,0.0,1500,1500,-0.25,-0.99,-117.33,2.9786,1.8562,5.8539,0
0.753,0,0,0,0.00,-1.00,0.0,1500,1500,-0.25,-0.99,-117.33,2.9786,1.8562,5.8539,0
0.770,0,0,0,0.00,-1.00,0.0,1500,1500,-0.25,-0.99,-117.33,2.9786,1.8562,5.8539,0
0.787,0,0,0,0.00,-1.00,0.0,1500,1500,-0.25,-0.99,-117.33,2.9786,1.8562,5.8539,0
0.804,0,0,0,0.00,-1.00,0.0,1500,1500,-0.50,-0.48,-117.55,2.9786,1.8562,5.8539,0
0.821,0,0,0,0.00,-1.00,0.0,1500,1500,-0.50,-0.48,-117.55,2.9786,1.8562,5.8539,0
0.838,0,0,0,0.00,-1.00,0.0,1500,1500,-0.50,-0.48,-117.55,2.9786,1.8562,5.8539,0
0.855,0,0,0,0.00,-1.00,0.0,1500,1500,-0.50,-0.48,-117.55,2.9786,1.8562,5.8539,0
0.872,0,0,0,0.00,-1.00,0.0,1500,1500,-0.50,-0.48,-117.55,2.9786,1.8562,5.8539,0
0.889,0,0,0,0.00,-1.00,0.0,1500,1500,-0.50,-0.48,-117.55,2.9786,1.8562,5.8539,0
0.906,0,0,0,0.00,-1.00,0.0,1500,1500,-0.50,-0.48,-117.55,2.9786,1.8562,5.8539,0
0.923,0,0,0,0.00,-1.00,0.0,1500,1500,-0.50,-0.48,-117.55,2.9786,1.8562,5.8539,0
0.940,0,0,0,0.00,-1.00,0.0,1500,1500,-0.50,-0.48,-117.55,2.9786,1.8562,5.8539,0
0.957,0,0,0,0.00,-1.00,0.0,1500,1500,-0.50,-0.48,-117.55,2.9786,1.8562,5.8539,0
0.974,0,0,0,0.00,-1.00,0.0,1500,1500,-0.50,-0.48,-117.55,3.0625,2.4557,6.7767,0
0.991,0,0,0,0.00,-1.00,0.0,1500,1500,-0.50,-0.48,-117.55,3.0625,2.4557,6.7767,0
1.008,0,0,0,0.00,-1.00,0.0,1500,1500,-0.50,-0.48,-117.55,3.0625,2.4557,6.7767,0
1.025,0,0,0,0.00,-1.00,0.0,1500,1500,-0.50,-0.48,-117.55,3.0625,2.4557,6.7767,0
1.042,0,0,0,0.00,-1.00,0.0,1500,1500,-0.50,-0.48,-117.55,3.0625,2.4557,6.7767,0
1.059,0,0,0,0.00,-1.00,0.0,1500,1500,-1.04,-0.24,-116.93,3.0625,2.4557,6.7767,0
1.076,0,0,0,0.00,-1.00,0.0,1500,1500,-1.04,-0.24,-116.93,3.0625,2.4557,6.7767,0
1.093,0,0,0,0.00,-1.00,0.0,1500,1500,-1.04,-0.24,-116.93,3.0625,2.4557,6.7767,0
1.110,0,0,0,0.00,-1.00,0.0,1500,1500,-1.04,-0.24,-116.93,3.0625,2.4557,6.7767,0
1.127,0,0,0,0.00,-1.00,0.0,1500,1500,-1.04,-0.24,-116.93,3.0625,2.4557,6.7767,0
1.144,0,0,0,0.00,-1.00,0.0,1500,1500,-1.04,-0.24,-116.93,3.0625,2.4557,6.7767,0
1.161,0,0,0,0.00,-1.00,0.0,1500,1500,-1.04,-0.24,-116.93,3.0625,2.4557,6.7767,0
1.178,0,0,0,0.00,-1.00,0.0,1500,1500,-1.04,-0.24,-116.93,3.0625,2.4557,6.7767,0
1.195,0,0,0,0.00,-1.00,0.0,1500,1500,-1.04,-0.24,-116.93,3.0625,2.4557,6.7767,0
1.212,0,0,0,0.00,-1.00,0.0,1500,1500,-1.04,-0.24,-116.93,3.0625,2.4557,6.7767,0
1.230,0,0,0,0.00,-1.00,0.0,1500,1500,-1.04,-0.24,-116.93,3.0625,2.4557,6.7767,0
1.247,0,0,0,0.00,-1.00,0.0,1500,1500,-1.04,-0.24,-116.93,3.0625,2.4557,6.7767,0
1.264,0,0,0,0.00,-1.00,0.0,1500,1500,-1.04,-0.24,-116.93,3.0625,2.4557,6.7767,0
1.282,0,0,0,0.00,-1.00,0.0,1500,1500,-1.04,-0.24,-116.93,3.0625,2.4557,6.7767,0
1.299,0,0,0,0.00,-1.00,0.0,1500,1500,-1.60,-0.13,-116.45,3.0625,2.4557,6.7767,0
1.316,287,-19,52,16.56,54.83,205.8,1571,1478,-1.60,-0.13,-116.45,3.0625,2.4557,6.7767,0
1.334,279,-19,52,16.10,54.83,205.8,1543,1478,-1.60,-0.13,-116.45,3.0625,2.4557,6.7767,0
1.351,275,-19,52,15.87,54.83,205.8,1541,1478,-1.60,-0.13,-116.45,3.0625,2.4557,6.7767,0
1.368,275,-19,52,15.87,54.83,205.8,1555,1478,-1.60,-0.13,-116.45,3.0625,2.4557,6.7767,0
1.385,275,-19,52,15.87,54.83,205.8,1562,1478,-1.60,-0.13,-116.45,3.0625,2.4557,6.7767,0
1.402,268,-19,52,15.46,54.83,205.8,1538,1478,-1.60,-0.13,-116.45,3.0625,2.4557,6.7767,0
1.420,261,-20,51,15.35,55.90,206.1,1527,1478,-1.60,-0.13,-116.45,3.0625,2.4557,6.7767,0
1.437,257,-19,52,14.83,54.83,205.8,1531,1478,-1.60,-0.13,-116.45,3.0625,2.4557,6.7767,0
1.454,253,-20,51,14.88,55.90,206.1,1532,1478,-1.60,-0.13,-116.45,3.0625,2.4557,6.7767,0
1.471,250,-20,51,14.71,55.90,206.1,1536,1478,-1.60,-0.13,-116.45,3.0625,2.4557,6.7767,0
1.488,247,-20,51,14.53,55.90,206.1,1538,1478,-1.60,-0.13,-116.45,3.0625,2.4557,6.7767,0
1.505,244,-20,51,14.35,55.90,206.1,1538,1478,-1.60,-0.13,-116.45,3.0625,2.4557,6.7767,0
1.522,240,-20,51,14.12,55.90,206.1,1534,1478,-1.60,-0.13,-116.45,3.0625,2.4557,6.7767,0
1.539,237,-20,51,13.94,55.90,206.1,1536,1478,-1.60,-0.13,-116.45,3.0625,2.4557,6.7767,0
1.556,233,-20,51,13.71,55.90,206.1,1532,1478,-1.38,0.06,-116.50,3.0625,2.4557,6.7767,0
1.573,229,-20,51,13.47,55.90,206.1,1530,1478,-1.38,0.06,-116.50,3.0625,2.4557,6.7767,0
1.590,225,-20,51,13.24,55.90,206.1,1528,1478,-1.38,0.06,-116.50,3.0625,2.4557,6.7767,0
1.607,222,-20,51,13.06,55.90,206.1,1531,1478,-1.38,0.06,-116.50,3.0625,2.4557,6.7767,0
1.624,216,-21,50,12.96,57.02,206.5,1522,1478,-1.38,0.06,-116.50,2.9837,2.3225,6.2733,0
1.641,213,-21,50,12.78,57.02,206.5,1526,1478,-1.38,0.06,-116.50,2.9837,2.3225,6.2733,0
1.658,209,-21,50,12.54,57.02,206.5,1524,1478,-1.38,0.06,-116.50,2.9837,2.3225,6.2733,0
1.675,205,-21,50,12.30,57.02,206.5,1523,1478,-1.38,0.06,-116.50,2.9837,2.3225,6.2733,0
1.692,201,-21,50,12.06,57.02,206.5,1522,1478,-1.38,0.06,-116.50,2.9837,2.3225,6.2733,0
1.709,197,-21,50,11.82,57.02,206.5,1522,1478,-1.38,0.06,-116.50,2.9837,2.3225,6.2733,0
1.726,193,-21,50,11.58,57.02,206.5,1522,1478,-1.38,0.06,-116.50,2.9837,2.3225,6.2733,0
1.743,189,-21,50,11.34,57.02,206.5,1522,1478,-1.38,0.06,-116.50,2.9837,2.3225,6.2733,0
1.761,186,-21,50,11.16,57.02,206.5,1522,1478,-1.38,0.06,-116.50,2.9837,2.3225,6.2733,0
1.778,182,-21,50,10.92,57.02,206.5,1522,1478,-1.38,0.06,-116.50,2.9837,2.3225,6.2733,0
1.795,178,-21,50,10.68,57.02,206.5,1522,1478,-1.38,0.06,-116.50,2.9837,2.3225,6.2733,0
1.812,174,-21,50,10.44,57.02,206.5,1522,1478,-2.06,-0.25,-116.31,2.9837,2.3225,6.2733,0
1.829,169,-22,49,10.35,58.18,206.8,1522,1478,-2.06,-0.25,-116.31,2.9837,2.3225,6.2733,0
1.847,165,-22,49,10.10,58.18,206.8,1522,1478,-2.06,-0.25,-116.31,2.9837,2.3225,6.2733,0
1.864,161,-23,48,10.06,59.39,207.2,1522,1478,-2.06,-0.25,-116.31,2.9837,2.3225,6.2733,0
1.881,157,-23,48,9.81,59.39,207.2,1522,1478,-2.06,-0.25,-116.31,3.4685,2.0997,6.3328,0
1.898,149,-23,48,9.31,59.39,207.2,1478,1478,-2.06,-0.25,-116.31,3.4685,2.0997,6.3328,0
1.915,149,-23,48,9.31,59.39,207.2,1522,1478,-2.06,-0.25,-116.31,3.4685,2.0997,6.3328,0
1.933,141,-23,48,8.81,59.39,207.2,1478,1478,-2.06,-0.25,-116.31,3.4685,2.0997,6.3328,0
1.950,137,-23,48,8.56,59.39,207.2,1500,1478,-2.06,-0.25,-116.31,3.4685,2.0997,6.3328,0
1.967,134,-23,48,8.38,59.39,207.2,1522,1478,-2.06,-0.25,-116.31,3.4685,2.0997,6.3328,0
1.984,130,-23,48,8.12,59.39,207.2,1522,1478,-2.06,-0.25,-116.31,3.4685,2.0997,6.3328,0
2.001,127,-24,47,8.11,60.66,207.5,1522,1478,-2.06,-0.25,-116.31,3.4685,2.0997,6.3328,0
2.017,125,-23,48,7.81,59.39,207.2,1522,1478,-2.06,-0.25,-116.31,3.4685,2.0997,6.3328,0
2.034,122,-23,48,7.62,59.39,207.2,1522,1478,-2.06,-0.25,-116.31,3.4685,2.0997,6.3328,0
2.051,119,-23,48,7.44,59.39,207.2,1522,1478,-2.16,-0.43,-115.80,3.4685,2.0997,6.3328,0
2.068,116,-23,48,7.25,59.39,207.2,1522,1478,-2.16,-0.43,-115.80,3.4685,2.0997,6.3328,0
2.085,113,-23,48,7.06,59.39,207.2,1522,1478,-2.16,-0.43,-115.80,3.4685,2.0997,6.3328,0
2.102,109,-23,48,6.81,59.39,207.2,1522,1478,-2.16,-0.43,-115.80,3.4685,2.0997,6.3328,0
2.119,106,-23,48,6.62,59.39,207.2,1522,1478,-2.16,-0.43,-115.80,3.0838,1.8291,7.2611,0
2.136,103,-24,47,6.57,60.66,207.5,1522,1478,-2.16,-0.43,-115.80,3.0838,1.8291,7.2611,0
2.153,100,-24,47,6.38,60.66,207.5,1522,1478,-2.16,-0.43,-115.80,3.0838,1.8291,7.2611,0
2.170,97,-24,47,6.19,60.66,207.5,1522,1478,-2.16,-0.43,-115.80,3.0838,1.8291,7.2611,0
2.187,94,-24,47,6.00,60.66,207.5,1522,1478,-2.16,-0.43,-115.80,3.0838,1.8291,7.2611,0
2.204,91,-24,47,5.81,60.66,207.5,1522,1478,-2.16,-0.43,-115.80,3.0838,1.8291,7.2611,0
2.221,89,-24,47,5.68,60.66,207.5,1522,1478,-2.16,-0.43,-115.80,3.0838,1.8291,7.2611,0
2.238,87,-24,47,5.55,60.66,207.5,1522,1478,-2.16,-0.43,-115.80,3.0838,1.8291,7.2611,0
2.255,84,-24,47,5.36,60.66,207.5,1522,1478,-2.16,-0.43,-115.80,3.0838,1.8291,7.2611,0
2.272,82,-24,47,5.23,60.66,207.5,1522,1478,-2.16,-0.43,-115.80,3.0838,1.8291,7.2611,0
2.289,79,-24,47,5.04,60.66,207.5,1522,1478,-2.16,-0.43,-115.80,3.0838,1.8291,7.2611,0
2.306,77,-25,46,5.02,61.98,207.9,1522,1477,-2.21,-0.27,-115.28,3.0838,1.8291,7.2611,0
2.323,75,-25,46,4.89,61.98,207.9,1522,1478,-2.21,-0.27,-115.28,3.0838,1.8291,7.2611,0
2.340,73,-25,46,4.76,61.98,207.9,1522,1478,-2.21,-0.27,-115.28,3.0838,1.8291,7.2611,0
2.357,71,-25,46,4.63,61.98,207.9,1522,1478,-2.21,-0.27,-115.28,3.0838,1.8291,7.2611,0
2.374,69,-24,47,4.40,60.66,207.5,1522,1478,-2.21,-0.27,-115.28,3.1308,1.7455,7.7503,0
2.391,67,-25,46,4.37,61.98,207.9,1522,1478,-2.21,-0.27,-115.28,3.1308,1.7455,7.7503,0
2.408,64,-25,46,4.17,61.98,207.9,1478,1478,-2.21,-0.27,-115.28,3.1308,1.7455,7.7503,0
2.425,62,-25,46,4.04,61.98,207.9,1500,1478,-2.21,-0.27,-115.28,3.1308,1.7455,7.7503,0
2.442,60,-25,46,3.91,61.98,207.9,1500,1478,-2.21,-0.27,-115.28,3.1308,1.7455,7.7503,0
2.459,57,-25,46,3.72,61.98,207.9,1478,1478,-2.21,-0.27,-115.28,3.1308,1.7455,7.7503,0
2.476,55,-26,45,3.67,63.35,208.2,1478,1476,-2.21,-0.27,-115.28,3.1308,1.7455,7.7503,0
2.493,53,-25,46,3.46,61.98,207.9,1478,1478,-2.21,-0.27,-115.28,3.1308,1.7455,7.7503,0
2.510,51,-25,46,3.33,61.98,207.9,1478,1478,-2.21,-0.27,-115.28,3.1308,1.7455,7.7503,0
2.528,49,-25,46,3.20,61.98,207.9,1478,1478,-2.21,-0.27,-115.28,3.1308,1.7455,7.7503,0
2.545,48,-26,45,3.20,63.35,208.2,1522,1476,-2.21,-0.27,-115.28,3.1308,1.7455,7.7503,0
2.563,47,-26,45,3.13,63.35,208.2,1522,1478,-2.22,-0.06,-114.85,3.1308,1.7455,7.7503,0
2.580,46,-26,45,3.07,63.35,208.2,1522,1478,-2.22,-0.06,-114.85,3.1308,1.7455,7.7503,0
2.597,44,-26,45,2.93,63.35,208.2,1500,1478,-2.22,-0.06,-114.85,3.1308,1.7455,7.7503,0
2.614,43,-26,45,2.87,63.35,208.2,1522,1478,-2.22,-0.06,-114.85,3.1308,1.7455,7.7503,0
2.631,41,-26,45,2.73,63.35,208.2,1478,1478,-2.22,-0.06,-114.85,3.2910,1.4742,8.3533,0
2.648,41,-26,45,2.73,63.35,208.2,1522,1478,-2.22,-0.06,-114.85,3.2910,1.4742,8.3533,0
2.665,40,-26,45,2.67,63.35,208.2,1522,1478,-2.22,-0.06,-114.85,3.2910,1.4742,8.3533,0
2.682,39,-26,45,2.60,63.35,208.2,1522,1478,-2.22,-0.06,-114.85,3.2910,1.4742,8.3533,0
2.699,38,-27,44,2.59,64.79,208.6,1522,1475,-2.22,-0.06,-114.85,3.2910,1.4742,8.3533,0
2.716,37,-27,44,2.52,64.79,208.6,1522,1477,-2.22,-0.06,-114.85,3.2910,1.4742,8.3533,0
2.733,36,-27,44,2.45,64.79,208.6,1522,1478,-2.22,-0.06,-114.85,3.2910,1.4742,8.3533,0
2.750,36,-27,44,2.45,64.79,208.6,1522,1478,-2.22,-0.06,-114.85,3.2910,1.4742,8.3533,0
2.767,35,-27,44,2.39,64.79,208.6,1522,1478,-2.22,-0.06,-114.85,3.2910,1.4742,8.3533,0
2.784,35,-27,44,2.39,64.79,208.6,1522,1478,-2.22,-0.06,-114.85,3.2910,1.4742,8.3533,0
2.801,34,-28,43,2.37,66.30,208.9,1522,1474,-2.22,-0.06,-114.85,3.2910,1.4742,8.3533,0
2.818,34,-28,43,2.37,66.30,208.9,1522,1476,-2.36,0.08,-115.01,3.2910,1.4742,8.3533,0
2.835,33,-28,43,2.30,66.30,208.9,1522,1477,-2.36,0.08,-115.01,3.2910,1.4742,8.3533,0
2.852,33,-28,43,2.30,66.30,208.9,1522,1477,-2.36,0.08,-115.01,3.2910,1.4742,8.3533,0
2.869,33,-28,43,2.30,66.30,208.9,1522,1478,-2.36,0.08,-115.01,2.6139,1.8153,6.6213,0
2.886,33,-28,43,2.30,66.30,208.9,1522,1478,-2.36,0.08,-115.01,2.6139,1.8153,6.6213,0
2.903,33,-28,43,2.30,66.30,208.9,1522,1478,-2.36,0.08,-115.01,2.6139,1.8153,6.6213,0
2.920,32,-28,43,2.23,66.30,208.9,1522,1478,-2.36,0.08,-115.01,2.6139,1.8153,6.6213,0
2.937,32,-28,43,2.23,66.30,208.9,1522,1478,-2.36,0.08,-115.01,2.6139,1.8153,6.6213,0
2.954,32,-29,42,2.29,67.88,209.3,1522,1474,-2.36,0.08,-115.01,2.6139,1.8153,6.6213,0
2.971,32,-28,43,2.23,66.30,208.9,1522,1478,-2.36,0.08,-115.01,2.6139,1.8153,6.6213,0
2.988,32,-28,43,2.23,66.30,208.9,1522,1478,-2.36,0.08,-115.01,2.6139,1.8153,6.6213,0
3.005,32,-28,43,2.23,66.30,208.9,1522,1478,-2.36,0.08,-115.01,2.6139,1.8153,6.6213,0
3.022,32,-29,42,2.29,67.88,209.3,1522,1474,-2.36,0.08,-115.01,2.6139,1.8153,6.6213,0
3.039,32,-29,42,2.29,67.88,209.3,1522,1475,-2.36,0.08,-115.01,2.6139,1.8153,6.6213,0
3.056,32,-29,42,2.29,67.88,209.3,1522,1476,-2.65,0.10,-114.99,2.6139,1.8153,6.6213,0
3.073,32,-29,42,2.29,67.88,209.3,1522,1477,-2.65,0.10,-114.99,2.6139,1.8153,6.6213,0
3.090,32,-29,42,2.29,67.88,209.3,1522,1477,-2.65,0.10,-114.99,2.6139,1.8153,6.6213,0
3.107,33,-29,42,2.36,67.88,209.3,1522,1477,-2.65,0.10,-114.99,2.6139,1.8153,6.6213,0
3.124,33,-29,42,2.36,67.88,209.3,1522,1477,-2.65,0.10,-114.99,2.9268,1.5152,6.9419,0
3.141,34,-29,42,2.43,67.88,209.3,1522,1477,-2.65,0.10,-114.99,2.9268,1.5152,6.9419,0
3.158,34,-29,42,2.43,67.88,209.3,1522,1477,-2.65,0.10,-114.99,2.9268,1.5152,6.9419,0
3.175,35,-29,42,2.50,67.88,209.3,1522,1477,-2.65,0.10,-114.99,2.9268,1.5152,6.9419,0
3.192,36,-29,42,2.57,67.88,209.3,1522,1477,-2.65,0.10,-114.99,2.9268,1.5152,6.9419,0
3.209,37,-29,42,2.64,67.88,209.3,1522,1477,-2.65,0.10,-114.99,2.9268,1.5152,6.9419,0
3.226,39,-29,42,2.79,67.88,209.3,1522,1477,-2.65,0.10,-114.99,2.9268,1.5152,6.9419,0
3.243,40,-29,42,2.86,67.88,209.3,1522,1477,-2.65,0.10,-114.99,2.9268,1.5152,6.9419,0
3.260,42,-29,42,3.00,67.88,209.3,1522,1477,-2.65,0.10,-114.99,2.9268,1.5152,6.9419,0
3.277,44,-30,41,3.22,69.53,209.6,1523,1473,-2.65,0.10,-114.99,2.9268,1.5152,6.9419,0
3.295,46,-30,41,3.37,69.53,209.6,1524,1475,-2.65,0.10,-114.99,2.9268,1.5152,6.9419,0
3.313,47,-30,41,3.44,69.53,209.6,1522,1475,-2.67,-0.15,-115.05,2.9268,1.5152,6.9419,0
3.330,52,-31,40,3.90,71.27,210.0,1535,1472,-2.67,-0.15,-115.05,2.9268,1.5152,6.9419,0
3.347,54,-31,40,4.05,71.27,210.0,1524,1474,-2.67,-0.15,-115.05,2.9268,1.5152,6.9419,0
3.364,56,-31,40,4.20,71.27,210.0,1533,1475,-2.67,-0.15,-115.05,3.6980,1.3894,7.6111,0
3.381,59,-31,40,4.42,71.27,210.0,1523,1475,-2.67,-0.15,-115.05,3.6980,1.3894,7.6111,0
3.398,61,-31,40,4.58,71.27,210.0,1537,1475,-2.67,-0.15,-115.05,3.6980,1.3894,7.6111,0
3.415,63,-31,40,4.72,71.27,210.0,1534,1475,-2.67,-0.15,-115.05,3.6980,1.3894,7.6111,0
3.433,66,-31,40,4.95,71.27,210.0,1536,1475,-2.67,-0.15,-115.05,3.6980,1.3894,7.6111,0
3.450,68,-31,40,5.10,71.27,210.0,1533,1475,-2.67,-0.15,-115.05,3.6980,1.3894,7.6111,0
3.467,71,-31,40,5.33,71.27,210.0,1536,1475,-2.67,-0.15,-115.05,3.6980,1.3894,7.6111,0
3.484,74,-31,40,5.55,71.27,210.0,1538,1475,-2.67,-0.15,-115.05,3.6980,1.3894,7.6111,0
3.501,76,-31,40,5.70,71.27,210.0,1536,1475,-2.67,-0.15,-115.05,3.6980,1.3894,7.6111,0
3.518,80,-30,41,5.85,69.53,209.6,1542,1478,-2.67,-0.15,-115.05,3.6980,1.3894,7.6111,0
3.535,83,-31,40,6.22,71.27,210.0,1542,1474,-2.67,-0.15,-115.05,3.6980,1.3894,7.6111,0
3.552,86,-30,41,6.29,69.53,209.6,1543,1478,-1.72,-0.37,-115.16,3.6980,1.3894,7.6111,0
3.569,89,-31,40,6.67,71.27,210.0,1543,1473,-1.72,-0.37,-115.16,3.6980,1.3894,7.6111,0
3.586,92,-30,41,6.73,69.53,209.6,1544,1478,-1.72,-0.37,-115.16,3.6980,1.3894,7.6111,0
3.603,95,-31,40,7.12,71.27,210.0,1545,1473,-1.72,-0.37,-115.16,3.6980,1.3894,7.6111,0
3.620,99,-30,41,7.24,69.53,209.6,1549,1478,-1.72,-0.37,-115.16,1.7545,2.2418,5.3051,0
3.637,102,-30,41,7.46,69.53,209.6,1548,1477,-1.72,-0.37,-115.16,1.7545,2.2418,5.3051,0
3.654,105,-30,41,7.68,69.53,209.6,1548,1477,-1.72,-0.37,-115.16,1.7545,2.2418,5.3051,0
3.671,108,-30,41,7.90,69.53,209.6,1548,1477,-1.72,-0.37,-115.16,1.7545,2.2418,5.3051,0
3.688,112,-30,41,8.20,69.53,209.6,1553,1476,-1.72,-0.37,-115.16,1.7545,2.2418,5.3051,0
3.705,115,-30,41,8.41,69.53,209.6,1551,1476,-1.72,-0.37,-115.16,1.7545,2.2418,5.3051,0
3.721,120,-30,41,8.78,69.53,209.6,1559,1476,-1.72,-0.37,-115.16,1.7545,2.2418,5.3051,0
3.739,124,-30,41,9.07,69.53,209.6,1559,1476,-1.72,-0.37,-115.16,1.7545,2.2418,5.3051,0
3.756,127,-30,41,9.29,69.53,209.6,1556,1476,-1.72,-0.37,-115.16,1.7545,2.2418,5.3051,0
3.773,131,-30,41,9.59,69.53,209.6,1559,1476,-1.72,-0.37,-115.16,1.7545,2.2418,5.3051,0
3.790,135,-30,41,9.88,69.53,209.6,1561,1476,-1.72,-0.37,-115.16,1.7545,2.2418,5.3051,0
3.807,139,-30,41,10.17,69.53,209.6,1562,1476,-0.61,0.03,-115.55,1.7545,2.2418,5.3051,0
3.824,143,-30,41,10.46,69.53,209.6,1563,1476,-0.61,0.03,-115.55,1.7545,2.2418,5.3051,0
3.841,146,-30,41,10.68,69.53,209.6,1561,1476,-0.61,0.03,-115.55,1.7545,2.2418,5.3051,0
3.858,150,-30,41,10.98,69.53,209.6,1563,1476,-0.61,0.03,-115.55,1.7545,2.2418,5.3051,0
3.875,154,-30,41,11.27,69.53,209.6,1565,1476,-0.61,0.03,-115.55,2.5307,2.0843,5.9464,0
3.892,157,-30,41,11.49,69.53,209.6,1563,1476,-0.61,0.03,-115.55,2.5307,2.0843,5.9464,0
3.909,161,-30,41,11.78,69.53,209.6,1566,1476,-0.61,0.03,-115.55,2.5307,2.0843,5.9464,0
3.926,166,-30,41,12.15,69.53,209.6,1572,1476,-0.61,0.03,-115.55,2.5307,2.0843,5.9464,0
3.944,169,-30,41,12.37,69.53,209.6,1567,1476,-0.61,0.03,-115.55,2.5307,2.0843,5.9464,0
3.961,173,-30,41,12.66,69.53,209.6,1569,1476,-0.61,0.03,-115.55,2.5307,2.0843,5.9464,0
3.979,175,-30,41,12.80,69.53,209.6,1564,1476,-0.61,0.03,-115.55,2.5307,2.0843,5.9464,0
3.996,179,-30,41,13.10,69.53,209.6,1569,1476,-0.61,0.03,-115.55,2.5307,2.0843,5.9464,0
4.013,181,-30,41,13.24,69.53,209.6,1556,1476,-0.61,0.03,-115.55,2.5307,2.0843,5.9464,0
4.030,183,-30,41,13.39,69.53,209.6,1565,1476,-0.61,0.03,-115.55,2.5307,2.0843,5.9464,0
4.047,183,-30,41,13.39,69.53,209.6,1555,1476,-0.61,0.03,-115.55,2.5307,2.0843,5.9464,0
4.064,185,-30,41,13.54,69.53,209.6,1558,1476,0.77,-0.32,-115.58,2.5307,2.0843,5.9464,0
4.081,187,-30,41,13.68,69.53,209.6,1559,1476,0.77,-0.32,-115.58,2.5307,2.0843,5.9464,0
4.098,188,-30,41,13.76,69.53,209.6,1557,1476,0.77,-0.32,-115.58,2.5307,2.0843,5.9464,0
4.115,188,-31,40,14.10,71.27,210.0,1552,1472,0.77,-0.32,-115.58,2.7774,2.0189,6.1000,0
4.132,190,-31,40,14.25,71.27,210.0,1557,1474,0.77,-0.32,-115.58,2.7774,2.0189,6.1000,0
4.149,192,-30,41,14.05,69.53,209.6,1559,1478,0.77,-0.32,-115.58,2.7774,2.0189,6.1000,0
4.166,193,-30,41,14.12,69.53,209.6,1557,1478,0.77,-0.32,-115.58,2.7774,2.0189,6.1000,0
4.183,195,-30,41,14.27,69.53,209.6,1560,1477,0.77,-0.32,-115.58,2.7774,2.0189,6.1000,0
4.200,196,-30,41,14.34,69.53,209.6,1558,1477,0.77,-0.32,-115.58,2.7774,2.0189,6.1000,0
4.217,196,-30,41,14.34,69.53,209.6,1553,1476,0.77,-0.32,-115.58,2.7774,2.0189,6.1000,0
4.234,197,-30,41,14.41,69.53,209.6,1555,1476,0.77,-0.32,-115.58,2.7774,2.0189,6.1000,0
4.251,197,-30,41,14.41,69.53,209.6,1552,1476,0.77,-0.32,-115.58,2.7774,2.0189,6.1000,0
4.268,197,-30,41,14.41,69.53,209.6,1550,1476,0.77,-0.32,-115.58,2.7774,2.0189,6.1000,0
4.285,197,-30,41,14.41,69.53,209.6,1550,1476,0.77,-0.32,-115.58,2.7774,2.0189,6.1000,0
4.302,196,-30,41,14.34,69.53,209.6,1545,1476,1.44,-0.66,-115.25,2.7774,2.0189,6.1000,0
4.319,196,-30,41,14.34,69.53,209.6,1547,1476,1.44,-0.66,-115.25,2.7774,2.0189,6.1000,0
4.336,195,-30,41,14.27,69.53,209.6,1544,1476,1.44,-0.66,-115.25,2.7774,2.0189,6.1000,0
4.353,194,-30,41,14.20,69.53,209.6,1542,1476,1.44,-0.66,-115.25,2.7774,2.0189,6.1000,0
4.370,193,-30,41,14.12,69.53,209.6,1541,1476,1.44,-0.66,-115.25,2.0910,2.0758,4.9177,0
4.387,192,-30,41,14.05,69.53,209.6,1541,1476,1.44,-0.66,-115.25,2.0910,2.0758,4.9177,0
4.404,191,-30,41,13.98,69.53,209.6,1540,1476,1.44,-0.66,-115.25,2.0910,2.0758,4.9177,0
4.421,190,-30,41,13.90,69.53,209.6,1540,1476,1.44,-0.66,-115.25,2.0910,2.0758,4.9177,0
4.438,189,-30,41,13.83,69.53,209.6,1540,1476,1.44,-0.66,-115.25,2.0910,2.0758,4.9177,0
4.455,189,-30,41,13.83,69.53,209.6,1543,1476,1.44,-0.66,-115.25,2.0910,2.0758,4.9177,0
4.472,188,-30,41,13.76,69.53,209.6,1541,1476,1.44,-0.66,-115.25,2.0910,2.0758,4.9177,0
4.489,187,-30,41,13.68,69.53,209.6,1540,1476,1.44,-0.66,-115.25,2.0910,2.0758,4.9177,0
4.506,187,-30,41,13.68,69.53,209.6,1543,1476,1.44,-0.66,-115.25,2.0910,2.0758,4.9177,0
4.523,185,-30,41,13.54,69.53,209.6,1537,1476,1.44,-0.66,-115.25,2.0910,2.0758,4.9177,0
4.540,184,-30,41,13.46,69.53,209.6,1538,1476,1.44,-0.66,-115.25,2.0910,2.0758,4.9177,0
4.557,183,-30,41,13.39,69.53,209.6,1538,1476,1.03,-0.67,-115.22,2.0910,2.0758,4.9177,0
4.574,182,-30,41,13.32,69.53,209.6,1538,1476,1.03,-0.67,-115.22,2.0910,2.0758,4.9177,0
4.591,181,-30,41,13.24,69.53,209.6,1538,1476,1.03,-0.67,-115.22,2.0910,2.0758,4.9177,0
4.608,179,-30,41,13.10,69.53,209.6,1534,1476,1.03,-0.67,-115.22,2.0910,2.0758,4.9177,0
4.625,178,-30,41,13.02,69.53,209.6,1535,1476,1.03,-0.67,-115.22,1.6424,2.1870,5.3312,0
4.642,176,-30,41,12.88,69.53,209.6,1532,1476,1.03,-0.67,-115.22,1.6424,2.1870,5.3312,0
4.660,175,-30,41,12.80,69.53,209.6,1534,1476,1.03,-0.67,-115.22,1.6424,2.1870,5.3312,0
4.677,173,-30,41,12.66,69.53,209.6,1531,1476,1.03,-0.67,-115.22,1.6424,2.1870,5.3312,0
4.694,170,-30,41,12.44,69.53,209.6,1526,1476,1.03,-0.67,-115.22,1.6424,2.1870,5.3312,0
4.711,167,-30,41,12.22,69.53,209.6,1523,1476,1.03,-0.67,-115.22,1.6424,2.1870,5.3312,0
4.728,162,-29,42,11.57,67.88,209.3,1524,1476,1.03,-0.67,-115.22,1.6424,2.1870,5.3312,0
4.745,162,-29,42,11.57,67.88,209.3,1522,1478,1.03,-0.67,-115.22,1.6424,2.1870,5.3312,0
4.764,156,-29,42,11.14,67.88,209.3,1522,1478,1.03,-0.67,-115.22,1.6424,2.1870,5.3312,0
4.781,153,-29,42,10.93,67.88,209.3,1522,1478,1.03,-0.67,-115.22,1.6424,2.1870,5.3312,0
4.798,150,-29,42,10.71,67.88,209.3,1522,1478,-0.11,-0.77,-115.83,1.6424,2.1870,5.3312,0
4.815,150,-29,42,10.71,67.88,209.3,1526,1477,-0.11,-0.77,-115.83,1.6424,2.1870,5.3312,0
4.832,150,-29,42,10.71,67.88,209.3,1531,1477,-0.11,-0.77,-115.83,1.6424,2.1870,5.3312,0
4.849,144,-29,42,10.29,67.88,209.3,1522,1477,-0.11,-0.77,-115.83,1.6424,2.1870,5.3312,0
4.867,137,-29,42,9.79,67.88,209.3,1478,1477,-0.11,-0.77,-115.83,3.9375,1.8804,7.0920,0
4.883,134,-29,42,9.57,67.88,209.3,1522,1477,-0.11,-0.77,-115.83,3.9375,1.8804,7.0920,0
4.900,130,-28,43,9.07,66.30,208.9,1522,1478,-0.11,-0.77,-115.83,3.9375,1.8804,7.0920,0
4.917,127,-28,43,8.86,66.30,208.9,1522,1478,-0.11,-0.77,-115.83,3.9375,1.8804,7.0920,0
4.934,124,-28,43,8.65,66.30,208.9,1522,1478,-0.11,-0.77,-115.83,3.9375,1.8804,7.0920,0
4.951,121,-28,43,8.44,66.30,208.9,1522,1478,-0.11,-0.77,-115.83,3.9375,1.8804,7.0920,0
4.968,117,-28,43,8.16,66.30,208.9,1522,1478,-0.11,-0.77,-115.83,3.9375,1.8804,7.0920,0
4.985,114,-28,43,7.95,66.30,208.9,1522,1478,-0.11,-0.77,-115.83,3.9375,1.8804,7.0920,0
5.002,111,-28,43,7.74,66.30,208.9,1522,1478,-0.11,-0.77,-115.83,3.9375,1.8804,7.0920,0
5.019,107,-28,43,7.47,66.30,208.9,1522,1478,-0.11,-0.77,-115.83,3.9375,1.8804,7.0920,0
5.036,104,-28,43,7.26,66.30,208.9,1522,1478,-0.11,-0.77,-115.83,3.9375,1.8804,7.0920,0
5.053,101,-27,44,6.89,64.79,208.6,1522,1478,-1.16,-0.76,-116.71,3.9375,1.8804,7.0920,0
5.070,98,-27,44,6.68,64.79,208.6,1522,1478,-1.16,-0.76,-116.71,3.9375,1.8804,7.0920,0
5.087,95,-27,44,6.48,64.79,208.6,1522,1478,-1.16,-0.76,-116.71,3.9375,1.8804,7.0920,0
5.104,91,-27,44,6.20,64.79,208.6,1478,1478,-1.16,-0.76,-116.71,3.9375,1.8804,7.0920,0
5.121,89,-27,44,6.07,64.79,208.6,1522,1478,-1.16,-0.76,-116.71,3.2407,1.9605,6.0559,0
5.138,86,-27,44,5.86,64.79,208.6,1522,1478,-1.16,-0.76,-116.71,3.2407,1.9605,6.0559,0
5.155,83,-26,45,5.53,63.35,208.2,1500,1478,-1.16,-0.76,-116.71,3.2407,1.9605,6.0559,0
5.172,80,-26,45,5.33,63.35,208.2,1500,1478,-1.16,-0.76,-116.71,3.2407,1.9605,6.0559,0
5.189,77,-26,45,5.13,63.35,208.2,1478,1478,-1.16,-0.76,-116.71,3.2407,1.9605,6.0559,0
5.206,73,-26,45,4.87,63.35,208.2,1478,1478,-1.16,-0.76,-116.71,3.2407,1.9605,6.0559,0
5.223,70,-26,45,4.67,63.35,208.2,1478,1478,-1.16,-0.76,-116.71,3.2407,1.9605,6.0559,0
5.240,68,-26,45,4.53,63.35,208.2,1478,1478,-1.16,-0.76,-116.71,3.2407,1.9605,6.0559,0
5.257,65,-26,45,4.33,63.35,208.2,1478,1478,-1.16,-0.76,-116.71,3.2407,1.9605,6.0559,0
5.274,62,-26,45,4.13,63.35,208.2,1478,1478,-1.16,-0.76,-116.71,3.2407,1.9605,6.0559,0
5.292,59,-25,46,3.85,61.98,207.9,1478,1478,-1.16,-0.76,-116.71,3.2407,1.9605,6.0559,0
5.309,56,-25,46,3.65,61.98,207.9,1478,1478,-1.82,-0.02,-117.93,3.2407,1.9605,6.0559,0
5.326,53,-25,46,3.46,61.98,207.9,1478,1478,-1.82,-0.02,-117.93,3.2407,1.9605,6.0559,0
5.344,50,-25,46,3.26,61.98,207.9,1478,1478,-1.82,-0.02,-117.93,3.2407,1.9605,6.0559,0
5.361,47,-25,46,3.07,61.98,207.9,1478,1478,-1.82,-0.02,-117.93,3.2407,1.9605,6.0559,0
5.379,41,-25,46,2.67,61.98,207.9,1478,1478,-1.82,-0.02,-117.93,2.8699,2.8365,6.6641,0
5.396,37,-25,46,2.41,61.98,207.9,1476,1478,-1.82,-0.02,-117.93,2.8699,2.8365,6.6641,0
5.413,34,-24,47,2.17,60.66,207.5,1478,1478,-1.82,-0.02,-117.93,2.8699,2.8365,6.6641,0
5.430,31,-24,47,1.98,60.66,207.5,1478,1478,-1.82,-0.02,-117.93,2.8699,2.8365,6.6641,0
5.447,28,-24,47,1.79,60.66,207.5,1478,1478,-1.82,-0.02,-117.93,2.8699,2.8365,6.6641,0
5.464,24,-24,47,1.53,60.66,207.5,1478,1478,-1.82,-0.02,-117.93,2.8699,2.8365,6.6641,0
5.481,20,-24,47,1.28,60.66,207.5,1478,1478,-1.82,-0.02,-117.93,2.8699,2.8365,6.6641,0
5.498,16,-24,47,1.02,60.66,207.5,1477,1478,-1.82,-0.02,-117.93,2.8699,2.8365,6.6641,0
5.515,13,-24,47,0.83,60.66,207.5,1478,1478,-1.82,-0.02,-117.93,2.8699,2.8365,6.6641,0
5.532,10,-24,47,0.64,60.66,207.5,1478,1478,-1.82,-0.02,-117.93,2.8699,2.8365,6.6641,0
5.549,7,-24,47,0.45,60.66,207.5,1478,1478,-1.82,-0.02,-117.93,2.8699,2.8365,6.6641,0
5.566,4,-24,47,0.26,60.66,207.5,1478,1478,-1.50,0.30,-118.39,2.8699,2.8365,6.6641,0
5.583,1,-23,48,0.06,59.39,207.2,1478,1478,-1.50,0.30,-118.39,2.8699,2.8365,6.6641,0
5.600,-2,-23,48,-0.12,59.39,207.2,1478,1478,-1.50,0.30,-118.39,2.8699,2.8365,6.6641,0
5.617,-5,-23,48,-0.31,59.39,207.2,1478,1478,-1.50,0.30,-118.39,1.9500,3.1700,7.1790,0
5.634,-7,-23,48,-0.44,59.39,207.2,1478,1478,-1.50,0.30,-118.39,1.9500,3.1700,7.1790,0
5.651,-10,-23,48,-0.62,59.39,207.2,1478,1478,-1.50,0.30,-118.39,1.9500,3.1700,7.1790,0
5.668,-13,-23,48,-0.81,59.39,207.2,1477,1478,-1.50,0.30,-118.39,1.9500,3.1700,7.1790,0
5.685,-15,-23,48,-0.94,59.39,207.2,1478,1478,-1.50,0.30,-118.39,1.9500,3.1700,7.1790,0
5.702,-18,-23,48,-1.12,59.39,207.2,1477,1478,-1.50,0.30,-118.39,1.9500,3.1700,7.1790,0
5.719,-21,-23,48,-1.31,59.39,207.2,1475,1478,-1.50,0.30,-118.39,1.9500,3.1700,7.1790,0
5.736,-24,-23,48,-1.50,59.39,207.2,1474,1478,-1.50,0.30,-118.39,1.9500,3.1700,7.1790,0
5.753,-27,-23,48,-1.69,59.39,207.2,1473,1478,-1.50,0.30,-118.39,1.9500,3.1700,7.1790,0
5.770,-30,-23,48,-1.88,59.39,207.2,1472,1478,-1.50,0.30,-118.39,1.9500,3.1700,7.1790,0
5.787,-33,-23,48,-2.06,59.39,207.2,1471,1478,-1.50,0.30,-118.39,1.9500,3.1700,7.1790,0
5.804,-37,-23,48,-2.31,59.39,207.2,1467,1478,-1.03,-0.09,-118.76,1.9500,3.1700,7.1790,0
5.821,-39,-23,48,-2.44,59.39,207.2,1471,1478,-1.03,-0.09,-118.76,1.9500,3.1700,7.1790,0
5.838,-42,-23,48,-2.62,59.39,207.2,1470,1478,-1.03,-0.09,-118.76,1.9500,3.1700,7.1790,0
5.855,-45,-23,48,-2.81,59.39,207.2,1469,1478,-1.03,-0.09,-118.76,1.9500,3.1700,7.1790,0
5.872,-48,-23,48,-3.00,59.39,207.2,1468,1478,-1.03,-0.09,-118.76,1.7432,3.2964,7.7604,0
5.889,-51,-22,49,-3.12,58.18,206.8,1467,1478,-1.03,-0.09,-118.76,1.7432,3.2964,7.7604,0
5.906,-53,-23,48,-3.31,59.39,207.2,1470,1478,-1.03,-0.09,-118.76,1.7432,3.2964,7.7604,0
5.923,-56,-23,48,-3.50,59.39,207.2,1467,1478,-1.03,-0.09,-118.76,1.7432,3.2964,7.7604,0
5.940,-58,-23,48,-3.62,59.39,207.2,1469,1478,-1.03,-0.09,-118.76,1.7432,3.2964,7.7604,0
5.957,-61,-23,48,-3.81,59.39,207.2,1466,1478,-1.03,-0.09,-118.76,1.7432,3.2964,7.7604,0
5.974,-63,-23,48,-3.94,59.39,207.2,1468,1478,-1.03,-0.09,-118.76,1.7432,3.2964,7.7604,0
5.992,-65,-23,48,-4.06,59.39,207.2,1469,1478,-1.03,-0.09,-118.76,1.7432,3.2964,7.7604,0
6.009,-67,-23,48,-4.19,59.39,207.2,1469,1478,-1.03,-0.09,-118.76,1.7432,3.2964,7.7604,0
6.026,-69,-22,49,-4.22,58.18,206.8,1469,1478,-1.03,-0.09,-118.76,1.7432,3.2964,7.7604,0
6.043,-71,-22,49,-4.35,58.18,206.8,1469,1478,-1.03,-0.09,-118.76,1.7432,3.2964,7.7604,0
6.060,-72,-22,49,-4.41,58.18,206.8,1472,1478,-1.25,0.46,-119.46,1.7432,3.2964,7.7604,0
6.078,-77,-22,49,-4.71,58.18,206.8,1459,1478,-1.25,0.46,-119.46,1.7432,3.2964,7.7604,0
6.095,-79,-23,48,-4.94,59.39,207.2,1463,1478,-1.25,0.46,-119.46,1.7432,3.2964,7.7604,0
6.112,-82,-23,48,-5.12,59.39,207.2,1460,1478,-1.25,0.46,-119.46,1.7432,3.2964,7.7604,0
6.129,-86,-23,48,-5.38,59.39,207.2,1455,1478,-1.25,0.46,-119.46,1.5518,3.2613,7.2819,0
6.146,-89,-23,48,-5.56,59.39,207.2,1456,1478,-1.25,0.46,-119.46,1.5518,3.2613,7.2819,0
6.163,-93,-23,48,-5.81,59.39,207.2,1452,1478,-1.25,0.46,-119.46,1.5518,3.2613,7.2819,0
6.180,-97,-23,48,-6.06,59.39,207.2,1449,1478,-1.25,0.46,-119.46,1.5518,3.2613,7.2819,0
6.197,-102,-23,48,-6.38,59.39,207.2,1444,1478,-1.25,0.46,-119.46,1.5518,3.2613,7.2819,0
6.214,-106,-23,48,-6.62,59.39,207.2,1444,1478,-1.25,0.46,-119.46,1.5518,3.2613,7.2819,0
6.231,-110,-23,48,-6.88,59.39,207.2,1444,1478,-1.25,0.46,-119.46,1.5518,3.2613,7.2819,0
6.248,-114,-23,48,-7.12,59.39,207.2,1443,1478,-1.25,0.46,-119.46,1.5518,3.2613,7.2819,0
6.265,-118,-23,48,-7.38,59.39,207.2,1442,1478,-1.25,0.46,-119.46,1.5518,3.2613,7.2819,0
6.282,-121,-23,48,-7.56,59.39,207.2,1445,1478,-1.25,0.46,-119.46,1.5518,3.2613,7.2819,0
6.299,-124,-23,48,-7.75,59.39,207.2,1446,1478,-1.25,0.46,-119.46,1.5518,3.2613,7.2819,0
6.316,-128,-23,48,-8.00,59.39,207.2,1443,1478,-2.25,0.27,-118.89,1.5518,3.2613,7.2819,0
6.333,-130,-23,48,-8.12,59.39,207.2,1448,1478,-2.25,0.27,-118.89,1.5518,3.2613,7.2819,0
6.350,-133,-23,48,-8.31,59.39,207.2,1447,1478,-2.25,0.27,-118.89,1.5518,3.2613,7.2819,0
6.367,-135,-23,48,-8.44,59.39,207.2,1449,1478,-2.25,0.27,-118.89,1.5124,2.6728,7.1699,0
6.384,-135,-23,48,-8.44,59.39,207.2,1458,1478,-2.25,0.27,-118.89,1.5124,2.6728,7.1699,0
6.401,-135,-23,48,-8.44,59.39,207.2,1462,1478,-2.25,0.27,-118.89,1.5124,2.6728,7.1699,0
6.417,-141,-23,48,-8.81,59.39,207.2,1442,1478,-2.25,0.27,-118.89,1.5124,2.6728,7.1699,0
6.434,-143,-23,48,-8.94,59.39,207.2,1446,1478,-2.25,0.27,-118.89,1.5124,2.6728,7.1699,0
6.451,-144,-23,48,-9.00,59.39,207.2,1451,1478,-2.25,0.27,-118.89,1.5124,2.6728,7.1699,0
6.468,-145,-23,48,-9.06,59.39,207.2,1454,1478,-2.25,0.27,-118.89,1.5124,2.6728,7.1699,0
6.485,-145,-23,48,-9.06,59.39,207.2,1459,1478,-2.25,0.27,-118.89,1.5124,2.6728,7.1699,0
6.502,-145,-24,47,-9.26,60.66,207.5,1462,1478,-2.25,0.27,-118.89,1.5124,2.6728,7.1699,0
6.519,-144,-23,48,-9.00,59.39,207.2,1467,1478,-2.25,0.27,-118.89,1.5124,2.6728,7.1699,0
6.536,-143,-24,47,-9.13,60.66,207.5,1469,1478,-2.25,0.27,-118.89,1.5124,2.6728,7.1699,0
6.553,-142,-24,47,-9.06,60.66,207.5,1471,1478,-2.24,-0.52,-119.22,1.5124,2.6728,7.1699,0
6.570,-142,-24,47,-9.06,60.66,207.5,1468,1478,-2.24,-0.52,-119.22,1.5124,2.6728,7.1699,0
6.587,-141,-24,47,-9.00,60.66,207.5,1470,1478,-2.24,-0.52,-119.22,1.5124,2.6728,7.1699,0
6.604,-141,-24,47,-9.00,60.66,207.5,1468,1478,-2.24,-0.52,-119.22,1.5124,2.6728,7.1699,0
6.621,-140,-24,47,-8.94,60.66,207.5,1470,1478,-2.24,-0.52,-119.22,1.5924,2.8919,6.9000,0
6.638,-140,-24,47,-8.94,60.66,207.5,1468,1478,-2.24,-0.52,-119.22,1.5924,2.8919,6.9000,0
6.655,-140,-24,47,-8.94,60.66,207.5,1467,1478,-2.24,-0.52,-119.22,1.5924,2.8919,6.9000,0
6.672,-139,-24,47,-8.87,60.66,207.5,1470,1478,-2.24,-0.52,-119.22,1.5924,2.8919,6.9000,0
6.690,-137,-26,45,-9.13,63.35,208.2,1475,1472,-2.24,-0.52,-119.22,1.5924,2.8919,6.9000,0
6.707,-137,-26,45,-9.13,63.35,208.2,1471,1476,-2.24,-0.52,-119.22,1.5924,2.8919,6.9000,0
6.725,-136,-26,45,-9.07,63.35,208.2,1472,1478,-2.24,-0.52,-119.22,1.5924,2.8919,6.9000,0
6.742,-137,-25,46,-8.93,61.98,207.9,1465,1478,-2.24,-0.52,-119.22,1.5924,2.8919,6.9000,0
6.760,-137,-26,45,-9.13,63.35,208.2,1466,1477,-2.24,-0.52,-119.22,1.5924,2.8919,6.9000,0
6.777,-138,-26,45,-9.20,63.35,208.2,1462,1478,-2.24,-0.52,-119.22,1.5924,2.8919,6.9000,0
6.794,-138,-25,46,-9.00,61.98,207.9,1464,1478,-2.24,-0.52,-119.22,1.5924,2.8919,6.9000,0
6.811,-138,-25,46,-9.00,61.98,207.9,1465,1478,-1.61,-0.85,-119.28,1.5924,2.8919,6.9000,0
6.828,-139,-25,46,-9.07,61.98,207.9,1462,1478,-1.61,-0.85,-119.28,1.5924,2.8919,6.9000,0
6.845,-139,-25,46,-9.07,61.98,207.9,1464,1478,-1.61,-0.85,-119.28,1.5924,2.8919,6.9000,0
6.862,-139,-25,46,-9.07,61.98,207.9,1465,1478,-1.61,-0.85,-119.28,1.6141,2.2764,7.3742,0
6.880,-140,-25,46,-9.13,61.98,207.9,1461,1478,-1.61,-0.85,-119.28,1.6141,2.2764,7.3742,0
6.897,-139,-25,46,-9.07,61.98,207.9,1467,1478,-1.61,-0.85,-119.28,1.6141,2.2764,7.3742,0
6.914,-138,-25,46,-9.00,61.98,207.9,1470,1478,-1.61,-0.85,-119.28,1.6141,2.2764,7.3742,0
6.931,-137,-25,46,-8.93,61.98,207.9,1472,1478,-1.61,-0.85,-119.28,1.6141,2.2764,7.3742,0
6.948,-136,-25,46,-8.87,61.98,207.9,1473,1478,-1.61,-0.85,-119.28,1.6141,2.2764,7.3742,0
6.965,-136,-25,46,-8.87,61.98,207.9,1470,1478,-1.61,-0.85,-119.28,1.6141,2.2764,7.3742,0
6.982,-135,-25,46,-8.80,61.98,207.9,1472,1478,-1.61,-0.85,-119.28,1.6141,2.2764,7.3742,0
6.999,-134,-25,46,-8.74,61.98,207.9,1473,1478,-1.61,-0.85,-119.28,1.6141,2.2764,7.3742,0
7.016,-134,-25,46,-8.74,61.98,207.9,1470,1478,-1.61,-0.85,-119.28,1.6141,2.2764,7.3742,0
7.033,-134,-25,46,-8.74,61.98,207.9,1468,1478,-1.61,-0.85,-119.28,1.6141,2.2764,7.3742,0
7.050,-133,-25,46,-8.67,61.98,207.9,1471,1478,-1.34,-1.04,-118.97,1.6141,2.2764,7.3742,0
7.067,-133,-25,46,-8.67,61.98,207.9,1469,1478,-1.34,-1.04,-118.97,1.6141,2.2764,7.3742,0
7.084,-134,-24,47,-8.55,60.66,207.5,1464,1478,-1.34,-1.04,-118.97,1.6141,2.2764,7.3742,0
7.100,-133,-24,47,-8.49,60.66,207.5,1469,1478,-1.34,-1.04,-118.97,1.6141,2.2764,7.3742,0
7.117,-132,-24,47,-8.43,60.66,207.5,1472,1478,-1.34,-1.04,-118.97,1.5655,2.6202,7.4947,0
7.135,-130,-24,47,-8.30,60.66,207.5,1477,1478,-1.34,-1.04,-118.97,1.5655,2.6202,7.4947,0
7.151,-129,-24,47,-8.23,60.66,207.5,1476,1478,-1.34,-1.04,-118.97,1.5655,2.6202,7.4947,0
7.168,-128,-24,47,-8.17,60.66,207.5,1476,1478,-1.34,-1.04,-118.97,1.5655,2.6202,7.4947,0
7.185,-127,-24,47,-8.11,60.66,207.5,1476,1478,-1.34,-1.04,-118.97,1.5655,2.6202,7.4947,0
7.202,-125,-24,47,-7.98,60.66,207.5,1478,1478,-1.34,-1.04,-118.97,1.5655,2.6202,7.4947,0
7.219,-123,-24,47,-7.85,60.66,207.5,1478,1478,-1.34,-1.04,-118.97,1.5655,2.6202,7.4947,0
7.236,-121,-24,47,-7.72,60.66,207.5,1478,1478,-1.34,-1.04,-118.97,1.5655,2.6202,7.4947,0
7.253,-120,-24,47,-7.66,60.66,207.5,1478,1478,-1.34,-1.04,-118.97,1.5655,2.6202,7.4947,0
7.271,-119,-24,47,-7.60,60.66,207.5,1478,1478,-1.34,-1.04,-118.97,1.5655,2.6202,7.4947,0
7.288,-119,-24,47,-7.60,60.66,207.5,1475,1478,-1.34,-1.04,-118.97,1.5655,2.6202,7.4947,0
7.305,-118,-23,48,-7.38,59.39,207.2,1477,1478,-1.09,-0.74,-119.02,1.5655,2.6202,7.4947,0
7.322,-118,-23,48,-7.38,59.39,207.2,1474,1478,-1.09,-0.74,-119.02,1.5655,2.6202,7.4947,0
7.339,-117,-23,48,-7.31,59.39,207.2,1476,1478,-1.09,-0.74,-119.02,1.5655,2.6202,7.4947,0
7.356,-116,-23,48,-7.25,59.39,207.2,1477,1478,-1.09,-0.74,-119.02,1.5655,2.6202,7.4947,0
7.374,-115,-23,48,-7.19,59.39,207.2,1478,1478,-1.09,-0.74,-119.02,1.6581,2.8915,7.1902,0
7.392,-114,-23,48,-7.12,59.39,207.2,1478,1478,-1.09,-0.74,-119.02,1.6581,2.8915,7.1902,0
7.410,-112,-23,48,-7.00,59.39,207.2,1478,1478,-1.09,-0.74,-119.02,1.6581,2.8915,7.1902,0
7.427,-111,-23,48,-6.94,59.39,207.2,1478,1478,-1.09,-0.74,-119.02,1.6581,2.8915,7.1902,0
7.444,-109,-22,49,-6.67,58.18,206.8,1478,1478,-1.09,-0.74,-119.02,1.6581,2.8915,7.1902,0
7.461,-107,-22,49,-6.55,58.18,206.8,1478,1478,-1.09,-0.74,-119.02,1.6581,2.8915,7.1902,0
7.478,-106,-23,48,-6.62,59.39,207.2,1478,1478,-1.09,-0.74,-119.02,1.6581,2.8915,7.1902,0
7.495,-104,-22,49,-6.37,58.18,206.8,1478,1478,-1.09,-0.74,-119.02,1.6581,2.8915,7.1902,0
7.512,-103,-23,48,-6.44,59.39,207.2,1478,1478,-1.09,-0.74,-119.02,1.6581,2.8915,7.1902,0
7.529,-102,-22,49,-6.24,58.18,206.8,1478,1478,-1.09,-0.74,-119.02,1.6581,2.8915,7.1902,0
7.546,-100,-22,49,-6.12,58.18,206.8,1478,1478,-1.28,-0.79,-119.08,1.6581,2.8915,7.1902,0
7.563,-99,-22,49,-6.06,58.18,206.8,1478,1478,-1.28,-0.79,-119.08,1.6581,2.8915,7.1902,0
7.580,-98,-22,49,-6.00,58.18,206.8,1478,1478,-1.28,-0.79,-119.08,1.6581,2.8915,7.1902,0
7.597,-96,-22,49,-5.88,58.18,206.8,1478,1478,-1.28,-0.79,-119.08,1.6581,2.8915,7.1902,0
7.614,-95,-22,49,-5.82,58.18,206.8,1478,1478,-1.28,-0.79,-119.08,1.5636,2.8050,7.2228,0
7.631,-94,-21,50,-5.64,57.02,206.5,1478,1478,-1.28,-0.79,-119.08,1.5636,2.8050,7.2228,0
7.648,-94,-21,50,-5.64,57.02,206.5,1478,1478,-1.28,-0.79,-119.08,1.5636,2.8050,7.2228,0
7.665,-93,-21,50,-5.58,57.02,206.5,1478,1478,-1.28,-0.79,-119.08,1.5636,2.8050,7.2228,0
7.682,-92,-21,50,-5.52,57.02,206.5,1478,1478,-1.28,-0.79,-119.08,1.5636,2.8050,7.2228,0
7.698,-92,-21,50,-5.52,57.02,206.5,1478,1478,-1.28,-0.79,-119.08,1.5636,2.8050,7.2228,0
7.716,-92,-21,50,-5.52,57.02,206.5,1478,1478,-1.28,-0.79,-119.08,1.5636,2.8050,7.2228,0
7.733,-92,-21,50,-5.52,57.02,206.5,1478,1478,-1.28,-0.79,-119.08,1.5636,2.8050,7.2228,0
7.750,-92,-21,50,-5.52,57.02,206.5,1478,1478,-1.28,-0.79,-119.08,1.5636,2.8050,7.2228,0
7.767,-92,-20,51,-5.41,55.90,206.1,1478,1478,-1.28,-0.79,-119.08,1.5636,2.8050,7.2228,0
7.784,-92,-20,51,-5.41,55.90,206.1,1477,1478,-1.28,-0.79,-119.08,1.5636,2.8050,7.2228,0
7.801,-93,-20,51,-5.47,55.90,206.1,1474,1478,-0.75,-0.50,-118.39,1.5636,2.8050,7.2228,0
7.818,-93,-20,51,-5.47,55.90,206.1,1475,1478,-0.75,-0.50,-118.39,1.5636,2.8050,7.2228,0
7.835,-93,-20,51,-5.47,55.90,206.1,1476,1478,-0.75,-0.50,-118.39,1.5636,2.8050,7.2228,0
7.852,-92,-20,51,-5.41,55.90,206.1,1478,1478,-0.75,-0.50,-118.39,1.5636,2.8050,7.2228,0
7.869,-92,-19,52,-5.31,54.83,205.8,1478,1478,-0.75,-0.50,-118.39,1.6474,1.9405,7.2607,1
7.886,-91,-19,52,-5.25,54.83,205.8,1478,1478,-0.75,-0.50,-118.39,1.6474,1.9405,7.2607,1
7.903,-90,-19,52,-5.19,54.83,205.8,1478,1478,-0.75,-0.50,-118.39,1.6474,1.9405,7.2607,1
7.920,-89,-19,52,-5.13,54.83,205.8,1478,1478,-0.75,-0.50,-118.39,1.6474,1.9405,7.2607,1
7.937,-88,-19,52,-5.08,54.83,205.8,1478,1478,-0.75,-0.50,-118.39,1.6474,1.9405,7.2607,1
7.954,-87,-19,52,-5.02,54.83,205.8,1478,1478,-0.75,-0.50,-118.39,1.6474,1.9405,7.2607,1
7.971,-86,-19,52,-4.96,54.83,205.8,1478,1478,-0.75,-0.50,-118.39,1.6474,1.9405,7.2607,1
7.988,-85,-19,52,-4.90,54.83,205.8,1478,1478,-0.75,-0.50,-118.39,1.6474,1.9405,7.2607,1
8.005,-85,-18,53,-4.81,53.79,205.4,1478,1478,-0.75,-0.50,-118.39,1.6474,1.9405,7.2607,1
8.022,-85,-18,53,-4.81,53.79,205.4,1478,1478,-0.75,-0.50,-118.39,1.6474,1.9405,7.2607,1
8.040,-85,-18,53,-4.81,53.79,205.4,1478,1478,-0.75,-0.50,-118.39,1.6474,1.9405,7.2607,1
8.057,-84,-18,53,-4.75,53.79,205.4,1478,1478,-1.09,-0.09,-118.39,1.6474,1.9405,7.2607,1
8.077,-84,-18,53,-4.75,53.79,205.4,1478,1478,-1.09,-0.09,-118.39,1.6474,1.9405,7.2607,1
8.094,-84,-18,53,-4.75,53.79,205.4,1478,1478,-1.09,-0.09,-118.39,1.6474,1.9405,7.2607,1
8.110,-83,-18,53,-4.70,53.79,205.4,1478,1478,-1.09,-0.09,-118.39,1.6536,1.7711,7.1596,1
8.127,-83,-17,54,-4.61,52.79,205.1,1478,1478,-1.09,-0.09,-118.39,1.6536,1.7711,7.1596,1
8.144,-83,-17,54,-4.61,52.79,205.1,1478,1478,-1.09,-0.09,-118.39,1.6536,1.7711,7.1596,1
8.161,-83,-17,54,-4.61,52.79,205.1,1478,1478,-1.09,-0.09,-118.39,1.6536,1.7711,7.1596,1
8.178,-83,-17,54,-4.61,52.79,205.1,1478,1478,-1.09,-0.09,-118.39,1.6536,1.7711,7.1596,1
8.195,-83,-17,54,-4.61,52.79,205.1,1478,1478,-1.09,-0.09,-118.39,1.6536,1.7711,7.1596,1
8.212,-83,-17,54,-4.61,52.79,205.1,1478,1478,-1.09,-0.09,-118.39,1.6536,1.7711,7.1596,1
8.229,-83,-17,54,-4.61,52.79,205.1,1478,1478,-1.09,-0.09,-118.39,1.6536,1.7711,7.1596,1
8.246,-83,-17,54,-4.61,52.79,205.1,1478,1478,-1.09,-0.09,-118.39,1.6536,1.7711,7.1596,1
8.263,-84,-17,54,-4.67,52.79,205.1,1478,1478,-1.09,-0.09,-118.39,1.6536,1.7711,7.1596,1
8.280,-84,-16,55,-4.58,51.83,204.8,1478,1478,-1.09,-0.09,-118.39,1.6536,1.7711,7.1596,1
8.297,-85,-16,55,-4.64,51.83,204.8,1478,1478,-1.28,-0.12,-118.29,1.6536,1.7711,7.1596,1
8.314,-86,-16,55,-4.69,51.83,204.8,1478,1478,-1.28,-0.12,-118.29,1.6536,1.7711,7.1596,1
8.331,-87,-16,55,-4.75,51.83,204.8,1478,1478,-1.28,-0.12,-118.29,1.6536,1.7711,7.1596,1
8.348,-87,-16,55,-4.75,51.83,204.8,1478,1478,-1.28,-0.12,-118.29,1.6536,1.7711,7.1596,1
8.365,-88,-15,56,-4.71,50.91,204.4,1478,1478,-1.28,-0.12,-118.29,1.6473,1.7217,7.1521,1
8.382,-88,-15,56,-4.71,50.91,204.4,1478,1478,-1.28,-0.12,-118.29,1.6473,1.7217,7.1521,1
8.399,-88,-15,56,-4.71,50.91,204.4,1478,1478,-1.28,-0.12,-118.29,1.6473,1.7217,7.1521,1
8.416,-88,-15,56,-4.71,50.91,204.4,1478,1478,-1.28,-0.12,-118.29,1.6473,1.7217,7.1521,1
8.433,-88,-15,56,-4.71,50.91,204.4,1478,1478,-1.28,-0.12,-118.29,1.6473,1.7217,7.1521,1
8.450,-88,-15,56,-4.71,50.91,204.4,1478,1478,-1.28,-0.12,-118.29,1.6473,1.7217,7.1521,1
8.467,-87,-15,56,-4.66,50.91,204.4,1478,1478,-1.28,-0.12,-118.29,1.6473,1.7217,7.1521,1
8.484,-87,-15,56,-4.66,50.91,204.4,1478,1478,-1.28,-0.12,-118.29,1.6473,1.7217,7.1521,1
8.501,-86,-15,56,-4.61,50.91,204.4,1478,1478,-1.28,-0.12,-118.29,1.6473,1.7217,7.1521,1
8.518,-85,-14,57,-4.47,50.02,204.0,1478,1478,-1.28,-0.12,-118.29,1.6473,1.7217,7.1521,1
8.535,-84,-14,57,-4.42,50.02,204.0,1478,1478,-1.28,-0.12,-118.29,1.6473,1.7217,7.1521,1
8.552,-83,-14,57,-4.37,50.02,204.0,1478,1478,-2.10,0.44,-118.33,1.6473,1.7217,7.1521,1
8.569,-82,-14,57,-4.32,50.02,204.0,1478,1478,-2.10,0.44,-118.33,1.6473,1.7217,7.1521,1
8.586,-81,-14,57,-4.26,50.02,204.0,1478,1478,-2.10,0.44,-118.33,1.6473,1.7217,7.1521,1
8.603,-81,-14,57,-4.26,50.02,204.0,1478,1478,-2.10,0.44,-118.33,1.6473,1.7217,7.1521,1
8.620,-80,-14,57,-4.21,50.02,204.0,1478,1478,-2.10,0.44,-118.33,1.5152,1.9574,7.3021,1
8.637,-79,-14,57,-4.16,50.02,204.0,1478,1478,-2.10,0.44,-118.33,1.5152,1.9574,7.3021,1
8.654,-78,-14,57,-4.11,50.02,204.0,1478,1478,-2.10,0.44,-118.33,1.5152,1.9574,7.3021,1
8.671,-77,-14,57,-4.05,50.02,204.0,1478,1478,-2.10,0.44,-118.33,1.5152,1.9574,7.3021,1
8.692,-74,-14,57,-3.89,50.02,204.0,1478,1478,-2.10,0.44,-118.33,1.5152,1.9574,7.3021,1
8.709,-72,-14,57,-3.79,50.02,204.0,1478,1478,-2.10,0.44,-118.33,1.5152,1.9574,7.3021,1
8.727,-70,-14,57,-3.68,50.02,204.0,1478,1478,-2.10,0.44,-118.33,1.5152,1.9574,7.3021,1
8.744,-68,-14,57,-3.58,50.02,204.0,1478,1478,-2.10,0.44,-118.33,1.5152,1.9574,7.3021,1
8.761,-66,-14,57,-3.47,50.02,204.0,1478,1478,-2.10,0.44,-118.33,1.5152,1.9574,7.3021,1
8.778,-65,-14,57,-3.42,50.02,204.0,1478,1478,-2.10,0.44,-118.33,1.5152,1.9574,7.3021,1
8.795,-63,-14,57,-3.32,50.02,204.0,1478,1478,-2.10,0.44,-118.33,1.5152,1.9574,7.3021,1
8.812,-61,-14,57,-3.21,50.02,204.0,1478,1478,-2.37,0.69,-117.92,1.5152,1.9574,7.3021,1
8.829,-59,-14,57,-3.11,50.02,204.0,1500,1478,-2.37,0.69,-117.92,1.5152,1.9574,7.3021,1
8.846,-57,-14,57,-3.00,50.02,204.0,1500,1478,-2.37,0.69,-117.92,1.5152,1.9574,7.3021,1
8.863,-54,-14,57,-2.84,50.02,204.0,1522,1478,-2.37,0.69,-117.92,1.4748,3.0908,7.3823,1
8.880,-51,-14,57,-2.68,50.02,204.0,1522,1478,-2.37,0.69,-117.92,1.4748,3.0908,7.3823,1
8.897,-48,-14,57,-2.53,50.02,204.0,1522,1478,-2.37,0.69,-117.92,1.4748,3.0908,7.3823,1
8.914,-45,-14,57,-2.37,50.02,204.0,1522,1478,-2.37,0.69,-117.92,1.4748,3.0908,7.3823,1
8.931,-41,-15,56,-2.20,50.91,204.4,1522,1478,-2.37,0.69,-117.92,1.4748,3.0908,7.3823,1
8.948,-37,-15,56,-1.98,50.91,204.4,1522,1478,-2.37,0.69,-117.92,1.4748,3.0908,7.3823,1
8.965,-33,-15,56,-1.77,50.91,204.4,1522,1478,-2.37,0.69,-117.92,1.4748,3.0908,7.3823,1
8.981,-28,-15,56,-1.50,50.91,204.4,1522,1478,-2.37,0.69,-117.92,1.4748,3.0908,7.3823,1
8.999,-24,-15,56,-1.29,50.91,204.4,1522,1478,-2.37,0.69,-117.92,1.4748,3.0908,7.3823,1
9.015,-19,-15,56,-1.02,50.91,204.4,1522,1478,-2.37,0.69,-117.92,1.4748,3.0908,7.3823,1
9.032,-14,-15,56,-0.75,50.91,204.4,1524,1478,-2.37,0.69,-117.92,1.4748,3.0908,7.3823,1
9.049,-10,-15,56,-0.54,50.91,204.4,1522,1478,-1.77,0.46,-117.95,1.4748,3.0908,7.3823,1
9.066,-5,-15,56,-0.27,50.91,204.4,1524,1478,-1.77,0.46,-117.95,1.4748,3.0908,7.3823,1
9.083,-1,-16,55,-0.05,51.83,204.8,1524,1478,-1.77,0.46,-117.95,1.4748,3.0908,7.3823,1
9.100,4,-15,56,0.21,50.91,204.4,1527,1478,-1.77,0.46,-117.95,1.4748,3.0908,7.3823,1
9.117,8,-16,55,0.44,51.83,204.8,1525,1478,-1.77,0.46,-117.95,1.5500,2.6828,7.4851,1
9.134,13,-16,55,0.71,51.83,204.8,1528,1478,-1.77,0.46,-117.95,1.5500,2.6828,7.4851,1
9.151,17,-16,55,0.93,51.83,204.8,1527,1478,-1.77,0.46,-117.95,1.5500,2.6828,7.4851,1
9.169,21,-16,55,1.15,51.83,204.8,1527,1478,-1.77,0.46,-117.95,1.5500,2.6828,7.4851,1
9.185,24,-16,55,1.31,51.83,204.8,1524,1478,-1.77,0.46,-117.95,1.5500,2.6828,7.4851,1
9.202,27,-17,54,1.50,52.79,205.1,1523,1478,-1.77,0.46,-117.95,1.5500,2.6828,7.4851,1
9.219,29,-18,53,1.64,53.79,205.4,1522,1478,-1.77,0.46,-117.95,1.5500,2.6828,7.4851,1
9.237,32,-18,53,1.81,53.79,205.4,1522,1478,-1.77,0.46,-117.95,1.5500,2.6828,7.4851,1
9.254,35,-19,52,2.02,54.83,205.8,1523,1478,-1.77,0.46,-117.95,1.5500,2.6828,7.4851,1
9.271,38,-19,52,2.19,54.83,205.8,1524,1478,-1.77,0.46,-117.95,1.5500,2.6828,7.4851,1
9.288,40,-19,52,2.31,54.83,205.8,1522,1478,-1.77,0.46,-117.95,1.5500,2.6828,7.4851,1
9.306,43,-19,52,2.48,54.83,205.8,1523,1478,-1.29,0.31,-117.77,1.5500,2.6828,7.4851,1
9.324,45,-19,52,2.60,54.83,205.8,1522,1478,-1.29,0.31,-117.77,1.5500,2.6828,7.4851,1
9.341,48,-19,52,2.77,54.83,205.8,1524,1478,-1.29,0.31,-117.77,1.5500,2.6828,7.4851,1
9.358,52,-20,51,3.06,55.90,206.1,1536,1478,-1.29,0.31,-117.77,1.5500,2.6828,7.4851,0
9.375,55,-20,51,3.24,55.90,206.1,1535,1478,-1.29,0.31,-117.77,1.7135,2.1008,6.7936,0
9.392,59,-20,51,3.47,55.90,206.1,1539,1478,-1.29,0.31,-117.77,1.7135,2.1008,6.7936,0
9.409,61,-21,50,3.66,57.02,206.5,1534,1478,-1.29,0.31,-117.77,1.7135,2.1008,6.7936,0
9.426,64,-21,50,3.84,57.02,206.5,1536,1478,-1.29,0.31,-117.77,1.7135,2.1008,6.7936,0
9.443,67,-20,51,3.94,55.90,206.1,1537,1478,-1.29,0.31,-117.77,1.7135,2.1008,6.7936,0
9.460,68,-21,50,4.08,57.02,206.5,1530,1478,-1.29,0.31,-117.77,1.7135,2.1008,6.7936,0
9.477,70,-21,50,4.20,57.02,206.5,1531,1478,-1.29,0.31,-117.77,1.7135,2.1008,6.7936,0
9.494,71,-21,50,4.26,57.02,206.5,1528,1478,-1.29,0.31,-117.77,1.7135,2.1008,6.7936,0
9.511,72,-21,50,4.32,57.02,206.5,1526,1478,-1.29,0.31,-117.77,1.7135,2.1008,6.7936,0
9.528,73,-21,50,4.38,57.02,206.5,1526,1478,-1.29,0.31,-117.77,1.7135,2.1008,6.7936,0
9.545,74,-21,50,4.44,57.02,206.5,1526,1478,-1.29,0.31,-117.77,1.7135,2.1008,6.7936,0
9.562,75,-22,49,4.59,58.18,206.8,1526,1478,-0.42,-0.59,-117.40,1.7135,2.1008,6.7936,0
9.579,76,-22,49,4.65,58.18,206.8,1526,1478,-0.42,-0.59,-117.40,1.7135,2.1008,6.7936,0
9.596,77,-22,49,4.71,58.18,206.8,1526,1478,-0.42,-0.59,-117.40,1.7135,2.1008,6.7936,0
9.613,77,-22,49,4.71,58.18,206.8,1522,1478,-0.42,-0.59,-117.40,1.5811,2.1878,7.5488,0
9.630,78,-22,49,4.78,58.18,206.8,1524,1478,-0.42,-0.59,-117.40,1.5811,2.1878,7.5488,0
9.647,78,-22,49,4.78,58.18,206.8,1522,1478,-0.42,-0.59,-117.40,1.5811,2.1878,7.5488,0
9.664,79,-22,49,4.84,58.18,206.8,1524,1478,-0.42,-0.59,-117.40,1.5811,2.1878,7.5488,0
9.681,79,-22,49,4.84,58.18,206.8,1522,1478,-0.42,-0.59,-117.40,1.5811,2.1878,7.5488,0
9.698,79,-23,48,4.94,59.39,207.2,1522,1478,-0.42,-0.59,-117.40,1.5811,2.1878,7.5488,0
9.715,79,-23,48,4.94,59.39,207.2,1522,1478,-0.42,-0.59,-117.40,1.5811,2.1878,7.5488,0
9.732,78,-23,48,4.88,59.39,207.2,1522,1478,-0.42,-0.59,-117.40,1.5811,2.1878,7.5488,0
9.749,78,-23,48,4.88,59.39,207.2,1522,1478,-0.42,-0.59,-117.40,1.5811,2.1878,7.5488,0
9.766,78,-23,48,4.88,59.39,207.2,1522,1478,-0.42,-0.59,-117.40,1.5811,2.1878,7.5488,0
9.782,78,-23,48,4.88,59.39,207.2,1522,1478,-0.42,-0.59,-117.40,1.5811,2.1878,7.5488,0
9.799,78,-24,47,4.98,60.66,207.5,1522,1478,-1.08,-0.92,-116.75,1.5811,2.1878,7.5488,0
9.816,77,-24,47,4.91,60.66,207.5,1522,1478,-1.08,-0.92,-116.75,1.5811,2.1878,7.5488,0
9.833,76,-24,47,4.85,60.66,207.5,1522,1478,-1.08,-0.92,-116.75,1.5811,2.1878,7.5488,0
9.851,76,-25,46,4.96,61.98,207.9,1522,1476,-1.08,-0.92,-116.75,1.5811,2.1878,7.5488,0
9.867,75,-25,46,4.89,61.98,207.9,1522,1478,-1.08,-0.92,-116.75,1.3827,2.4847,6.4435,0
9.884,74,-25,46,4.83,61.98,207.9,1522,1478,-1.08,-0.92,-116.75,1.3827,2.4847,6.4435,0
9.901,73,-25,46,4.76,61.98,207.9,1522,1478,-1.08,-0.92,-116.75,1.3827,2.4847,6.4435,0
9.918,72,-25,46,4.70,61.98,207.9,1522,1478,-1.08,-0.92,-116.75,1.3827,2.4847,6.4435,0
9.935,71,-25,46,4.63,61.98,207.9,1522,1478,-1.08,-0.92,-116.75,1.3827,2.4847,6.4435,0
9.952,69,-25,46,4.50,61.98,207.9,1522,1478,-1.08,-0.92,-116.75,1.3827,2.4847,6.4435,0
9.969,68,-26,45,4.53,63.35,208.2,1522,1476,-1.08,-0.92,-116.75,1.3827,2.4847,6.4435,0
9.987,66,-26,45,4.40,63.35,208.2,1522,1478,-1.08,-0.92,-116.75,1.3827,2.4847,6.4435,0
10.004,65,-26,45,4.33,63.35,208.2,1522,1478,-1.08,-0.92,-116.75,1.3827,2.4847,6.4435,0
10.023,63,-26,45,4.20,63.35,208.2,1522,1478,-1.08,-0.92,-116.75,1.3827,2.4847,6.4435,0
10.040,60,-27,44,4.09,64.79,208.6,1500,1475,-1.08,-0.92,-116.75,1.3827,2.4847,6.4435,0
10.057,59,-27,44,4.02,64.79,208.6,1522,1477,-2.10,-1.17,-115.35,1.3827,2.4847,6.4435,0
10.074,58,-27,44,3.95,64.79,208.6,1522,1478,-2.10,-1.17,-115.35,1.3827,2.4847,6.4435,0
10.091,58,-27,44,3.95,64.79,208.6,1522,1478,-2.10,-1.17,-115.35,1.3827,2.4847,6.4435,0
10.108,58,-27,44,3.95,64.79,208.6,1522,1478,-2.10,-1.17,-115.35,2.9502,2.4700,6.4958,0
10.125,59,-27,44,4.02,64.79,208.6,1522,1478,-2.10,-1.17,-115.35,2.9502,2.4700,6.4958,0
10.142,59,-27,44,4.02,64.79,208.6,1522,1478,-2.10,-1.17,-115.35,2.9502,2.4700,6.4958,0
10.159,60,-27,44,4.09,64.79,208.6,1522,1478,-2.10,-1.17,-115.35,2.9502,2.4700,6.4958,0
10.176,61,-28,43,4.26,66.30,208.9,1522,1474,-2.10,-1.17,-115.35,2.9502,2.4700,6.4958,0
10.193,63,-28,43,4.40,66.30,208.9,1525,1476,-2.10,-1.17,-115.35,2.9502,2.4700,6.4958,0
10.210,64,-28,43,4.47,66.30,208.9,1524,1477,-2.10,-1.17,-115.35,2.9502,2.4700,6.4958,0
10.227,66,-28,43,4.60,66.30,208.9,1527,1477,-2.10,-1.17,-115.35,2.9502,2.4700,6.4958,0
10.244,67,-28,43,4.67,66.30,208.9,1526,1478,-2.10,-1.17,-115.35,2.9502,2.4700,6.4958,0
10.261,69,-29,42,4.93,67.88,209.3,1529,1473,-2.10,-1.17,-115.35,2.9502,2.4700,6.4958,0
10.278,71,-29,42,5.07,67.88,209.3,1530,1475,-2.10,-1.17,-115.35,2.9502,2.4700,6.4958,0
10.295,73,-29,42,5.21,67.88,209.3,1531,1476,-1.99,-1.47,-115.10,2.9502,2.4700,6.4958,0
10.312,75,-29,42,5.36,67.88,209.3,1532,1477,-1.99,-1.47,-115.10,2.9502,2.4700,6.4958,0
10.329,77,-29,42,5.50,67.88,209.3,1533,1477,-1.99,-1.47,-115.10,2.9502,2.4700,6.4958,0
10.346,79,-29,42,5.64,67.88,209.3,1533,1477,-1.99,-1.47,-115.10,2.9502,2.4700,6.4958,0
10.363,82,-29,42,5.86,67.88,209.3,1538,1477,-1.99,-1.47,-115.10,3.0336,2.0939,5.5183,0
10.380,84,-30,41,6.15,69.53,209.6,1537,1473,-1.99,-1.47,-115.10,3.0336,2.0939,5.5183,0
10.397,86,-30,41,6.29,69.53,209.6,1536,1475,-1.99,-1.47,-115.10,3.0336,2.0939,5.5183,0
10.413,89,-30,41,6.51,69.53,209.6,1540,1475,-1.99,-1.47,-115.10,3.0336,2.0939,5.5183,0
10.430,92,-30,41,6.73,69.53,209.6,1542,1476,-1.99,-1.47,-115.10,3.0336,2.0939,5.5183,0
10.447,95,-30,41,6.95,69.53,209.6,1544,1476,-1.99,-1.47,-115.10,3.0336,2.0939,5.5183,0
10.464,97,-30,41,7.10,69.53,209.6,1541,1476,-1.99,-1.47,-115.10,3.0336,2.0939,5.5183,0
10.481,100,-30,41,7.32,69.53,209.6,1544,1476,-1.99,-1.47,-115.10,3.0336,2.0939,5.5183,0
10.498,103,-30,41,7.54,69.53,209.6,1546,1476,-1.99,-1.47,-115.10,3.0336,2.0939,5.5183,0
10.515,106,-30,41,7.76,69.53,209.6,1547,1476,-1.99,-1.47,-115.10,3.0336,2.0939,5.5183,0
10.532,109,-30,41,7.98,69.53,209.6,1548,1476,-1.99,-1.47,-115.10,3.0336,2.0939,5.5183,0
10.549,113,-30,41,8.27,69.53,209.6,1552,1476,-0.83,-1.62,-115.66,3.0336,2.0939,5.5183,0
10.566,116,-30,41,8.49,69.53,209.6,1551,1476,-0.83,-1.62,-115.66,3.0336,2.0939,5.5183,0
10.583,119,-30,41,8.71,69.53,209.6,1551,1476,-0.83,-1.62,-115.66,3.0336,2.0939,5.5183,0
10.601,123,-30,41,9.00,69.53,209.6,1555,1476,-0.83,-1.62,-115.66,3.0336,2.0939,5.5183,0
10.618,126,-30,41,9.22,69.53,209.6,1554,1476,-0.83,-1.62,-115.66,2.6883,2.6498,5.5639,0
10.635,129,-31,40,9.68,71.27,210.0,1554,1472,-0.83,-1.62,-115.66,2.6883,2.6498,5.5639,0
10.652,133,-31,40,9.97,71.27,210.0,1558,1474,-0.83,-1.62,-115.66,2.6883,2.6498,5.5639,0
10.669,136,-31,40,10.20,71.27,210.0,1557,1475,-0.83,-1.62,-115.66,2.6883,2.6498,5.5639,0
10.686,139,-31,40,10.43,71.27,210.0,1556,1475,-0.83,-1.62,-115.66,2.6883,2.6498,5.5639,0
10.703,141,-30,41,10.32,69.53,209.6,1553,1478,-0.83,-1.62,-115.66,2.6883,2.6498,5.5639,0
10.723,145,-31,40,10.88,71.27,210.0,1557,1474,-0.83,-1.62,-115.66,2.6883,2.6498,5.5639,0
10.740,145,-31,40,10.88,71.27,210.0,1546,1475,-0.83,-1.62,-115.66,2.6883,2.6498,5.5639,0
10.757,147,-31,40,11.03,71.27,210.0,1549,1475,-0.83,-1.62,-115.66,2.6883,2.6498,5.5639,0
10.774,149,-31,40,11.18,71.27,210.0,1550,1475,-0.83,-1.62,-115.66,2.6883,2.6498,5.5639,0
10.791,149,-31,40,11.18,71.27,210.0,1543,1475,-0.83,-1.62,-115.66,2.6883,2.6498,5.5639,0
10.808,150,-31,40,11.25,71.27,210.0,1544,1475,-0.17,-1.59,-116.25,2.6883,2.6498,5.5639,0
10.825,152,-31,40,11.40,71.27,210.0,1548,1475,-0.17,-1.59,-116.25,2.6883,2.6498,5.5639,0
10.842,152,-31,40,11.40,71.27,210.0,1543,1475,-0.17,-1.59,-116.25,2.6883,2.6498,5.5639,0
10.859,153,-31,40,11.47,71.27,210.0,1544,1475,-0.17,-1.59,-116.25,1.6350,3.0784,6.8093,0
10.876,154,-31,40,11.55,71.27,210.0,1545,1475,-0.17,-1.59,-116.25,1.6350,3.0784,6.8093,0
10.893,154,-31,40,11.55,71.27,210.0,1541,1475,-0.17,-1.59,-116.25,1.6350,3.0784,6.8093,0
10.910,155,-31,40,11.62,71.27,210.0,1544,1475,-0.17,-1.59,-116.25,1.6350,3.0784,6.8093,0
10.927,155,-31,40,11.62,71.27,210.0,1541,1475,-0.17,-1.59,-116.25,1.6350,3.0784,6.8093,0
10.944,155,-31,40,11.62,71.27,210.0,1540,1475,-0.17,-1.59,-116.25,1.6350,3.0784,6.8093,0
10.961,156,-31,40,11.70,71.27,210.0,1543,1475,-0.17,-1.59,-116.25,1.6350,3.0784,6.8093,0
10.978,156,-31,40,11.70,71.27,210.0,1541,1475,-0.17,-1.59,-116.25,1.6350,3.0784,6.8093,0
10.995,156,-31,40,11.70,71.27,210.0,1540,1475,-0.17,-1.59,-116.25,1.6350,3.0784,6.8093,0
11.012,157,-31,40,11.78,71.27,210.0,1543,1475,-0.17,-1.59,-116.25,1.6350,3.0784,6.8093,0
11.029,157,-31,40,11.78,71.27,210.0,1541,1475,-0.17,-1.59,-116.25,1.6350,3.0784,6.8093,0
11.046,157,-31,40,11.78,71.27,210.0,1540,1475,-0.91,-1.52,-116.09,1.6350,3.0784,6.8093,0
11.063,158,-31,40,11.85,71.27,210.0,1543,1475,-0.91,-1.52,-116.09,1.6350,3.0784,6.8093,0
11.080,158,-31,40,11.85,71.27,210.0,1541,1475,-0.91,-1.52,-116.09,1.6350,3.0784,6.8093,0
11.097,157,-31,40,11.78,71.27,210.0,1536,1475,-0.91,-1.52,-116.09,1.6350,3.0784,6.8093,0
11.114,157,-31,40,11.78,71.27,210.0,1538,1475,-0.91,-1.52,-116.09,1.6942,2.8804,7.0536,0
11.131,157,-31,40,11.78,71.27,210.0,1538,1475,-0.91,-1.52,-116.09,1.6942,2.8804,7.0536,0
11.148,156,-31,40,11.70,71.27,210.0,1535,1475,-0.91,-1.52,-116.09,1.6942,2.8804,7.0536,0
11.165,156,-31,40,11.70,71.27,210.0,1537,1475,-0.91,-1.52,-116.09,1.6942,2.8804,7.0536,0
11.182,155,-31,40,11.62,71.27,210.0,1534,1475,-0.91,-1.52,-116.09,1.6942,2.8804,7.0536,0
11.200,154,-31,40,11.55,71.27,210.0,1532,1475,-0.91,-1.52,-116.09,1.6942,2.8804,7.0536,0
11.217,152,-31,40,11.40,71.27,210.0,1528,1475,-0.91,-1.52,-116.09,1.6942,2.8804,7.0536,0
11.234,151,-32,39,11.62,73.10,210.3,1529,1471,-0.91,-1.52,-116.09,1.6942,2.8804,7.0536,0
11.251,150,-31,40,11.25,71.27,210.0,1529,1477,-0.91,-1.52,-116.09,1.6942,2.8804,7.0536,0
11.268,149,-31,40,11.18,71.27,210.0,1529,1476,-0.91,-1.52,-116.09,1.6942,2.8804,7.0536,0
11.285,148,-31,40,11.10,71.27,210.0,1529,1476,-0.91,-1.52,-116.09,1.6942,2.8804,7.0536,0
11.303,147,-31,40,11.03,71.27,210.0,1529,1476,-1.03,-2.31,-115.36,1.6942,2.8804,7.0536,0
11.320,147,-31,40,11.03,71.27,210.0,1533,1476,-1.03,-2.31,-115.36,1.6942,2.8804,7.0536,0
11.338,146,-31,40,10.95,71.27,210.0,1531,1476,-1.03,-2.31,-115.36,1.6942,2.8804,7.0536,0
11.355,145,-31,40,10.88,71.27,210.0,1530,1476,-1.03,-2.31,-115.36,1.6942,2.8804,7.0536,0
11.372,144,-31,40,10.80,71.27,210.0,1529,1476,-1.03,-2.31,-115.36,2.1543,3.0056,6.5163,0
11.389,143,-31,40,10.72,71.27,210.0,1529,1476,-1.03,-2.31,-115.36,2.1543,3.0056,6.5163,0
11.406,143,-31,40,10.72,71.27,210.0,1532,1476,-1.03,-2.31,-115.36,2.1543,3.0056,6.5163,0
11.423,143,-31,40,10.72,71.27,210.0,1534,1476,-1.03,-2.31,-115.36,2.1543,3.0056,6.5163,0
11.440,142,-31,40,10.65,71.27,210.0,1531,1476,-1.03,-2.31,-115.36,2.1543,3.0056,6.5163,0
11.457,142,-31,40,10.65,71.27,210.0,1533,1476,-1.03,-2.31,-115.36,2.1543,3.0056,6.5163,0
11.474,143,-31,40,10.72,71.27,210.0,1538,1476,-1.03,-2.31,-115.36,2.1543,3.0056,6.5163,0
11.491,144,-31,40,10.80,71.27,210.0,1540,1476,-1.03,-2.31,-115.36,2.1543,3.0056,6.5163,0
11.508,145,-31,40,10.88,71.27,210.0,1542,1476,-1.03,-2.31,-115.36,2.1543,3.0056,6.5163,0
11.525,146,-31,40,10.95,71.27,210.0,1543,1476,-1.03,-2.31,-115.36,2.1543,3.0056,6.5163,0
11.542,146,-32,39,11.23,73.10,210.3,1539,1471,-1.03,-2.31,-115.36,2.1543,3.0056,6.5163,0
11.559,147,-31,40,11.03,71.27,210.0,1542,1477,-0.80,-2.29,-115.16,2.1543,3.0056,6.5163,0
11.576,149,-31,40,11.18,71.27,210.0,1547,1476,-0.80,-2.29,-115.16,2.1543,3.0056,6.5163,0
11.593,151,-31,40,11.32,71.27,210.0,1549,1476,-0.80,-2.29,-115.16,2.1543,3.0056,6.5163,0
11.610,153,-31,40,11.47,71.27,210.0,1551,1476,-0.80,-2.29,-115.16,3.4961,1.6618,6.2100,0
11.627,155,-31,40,11.62,71.27,210.0,1552,1476,-0.80,-2.29,-115.16,3.4961,1.6618,6.2100,0
11.644,157,-31,40,11.78,71.27,210.0,1553,1476,-0.80,-2.29,-115.16,3.4961,1.6618,6.2100,0
11.661,160,-31,40,12.00,71.27,210.0,1557,1476,-0.80,-2.29,-115.16,3.4961,1.6618,6.2100,0
11.678,163,-31,40,12.22,71.27,210.0,1560,1476,-0.80,-2.29,-115.16,3.4961,1.6618,6.2100,0
11.695,165,-31,40,12.38,71.27,210.0,1558,1476,-0.80,-2.29,-115.16,3.4961,1.6618,6.2100,0
11.712,167,-30,41,12.22,69.53,209.6,1557,1478,-0.80,-2.29,-115.16,3.4961,1.6618,6.2100,0
11.728,169,-30,41,12.37,69.53,209.6,1557,1478,-0.80,-2.29,-115.16,3.4961,1.6618,6.2100,0
11.745,171,-30,41,12.51,69.53,209.6,1557,1477,-0.80,-2.29,-115.16,3.4961,1.6618,6.2100,0
11.762,173,-30,41,12.66,69.53,209.6,1557,1477,-0.80,-2.29,-115.16,3.4961,1.6618,6.2100,0
11.779,176,-29,42,12.57,67.88,209.3,1561,1478,-0.80,-2.29,-115.16,3.4961,1.6618,6.2100,0
11.796,177,-29,42,12.64,67.88,209.3,1556,1478,-0.80,-2.29,-115.16,3.4961,1.6618,6.2100,0
11.813,178,-29,42,12.71,67.88,209.3,1554,1478,0.45,-1.70,-116.23,3.4961,1.6618,6.2100,0
11.830,179,-29,42,12.79,67.88,209.3,1553,1478,0.45,-1.70,-116.23,3.4961,1.6618,6.2100,0
11.847,180,-28,43,12.56,66.30,208.9,1552,1478,0.45,-1.70,-116.23,3.4961,1.6618,6.2100,0
11.864,181,-28,43,12.63,66.30,208.9,1552,1478,0.45,-1.70,-116.23,2.8650,2.4235,6.8062,0
11.881,182,-28,43,12.70,66.30,208.9,1552,1478,0.45,-1.70,-116.23,2.8650,2.4235,6.8062,0
11.898,183,-28,43,12.77,66.30,208.9,1552,1478,0.45,-1.70,-116.23,2.8650,2.4235,6.8062,0
11.915,184,-28,43,12.84,66.30,208.9,1553,1478,0.45,-1.70,-116.23,2.8650,2.4235,6.8062,0
11.932,184,-28,43,12.84,66.30,208.9,1549,1478,0.45,-1.70,-116.23,2.8650,2.4235,6.8062,0
11.949,184,-28,43,12.84,66.30,208.9,1547,1478,0.45,-1.70,-116.23,2.8650,2.4235,6.8062,0
11.966,184,-28,43,12.84,66.30,208.9,1546,1478,0.45,-1.70,-116.23,2.8650,2.4235,6.8062,0
11.983,185,-27,44,12.61,64.79,208.6,1550,1478,0.45,-1.70,-116.23,2.8650,2.4235,6.8062,0
12.000,185,-27,44,12.61,64.79,208.6,1548,1478,0.45,-1.70,-116.23,2.8650,2.4235,6.8062,0
12.017,185,-27,44,12.61,64.79,208.6,1547,1478,0.45,-1.70,-116.23,2.8650,2.4235,6.8062,0
12.034,184,-26,45,12.27,63.35,208.2,1543,1478,0.45,-1.70,-116.23,2.8650,2.4235,6.8062,0
12.051,183,-26,45,12.20,63.35,208.2,1540,1478,0.55,-0.51,-116.58,2.8650,2.4235,6.8062,0
12.069,182,-26,45,12.13,63.35,208.2,1539,1478,0.55,-0.51,-116.58,2.8650,2.4235,6.8062,0
12.086,181,-26,45,12.07,63.35,208.2,1538,1478,0.55,-0.51,-116.58,2.8650,2.4235,6.8062,0
12.105,179,-25,46,11.67,61.98,207.9,1535,1478,0.55,-0.51,-116.58,2.8650,2.4235,6.8062,0
12.122,177,-25,46,11.54,61.98,207.9,1532,1478,0.55,-0.51,-116.58,2.0873,3.0948,7.1262,0
12.139,175,-25,46,11.41,61.98,207.9,1530,1478,0.55,-0.51,-116.58,2.0873,3.0948,7.1262,0
12.156,170,-25,46,11.09,61.98,207.9,1522,1478,0.55,-0.51,-116.58,2.0873,3.0948,7.1262,0
12.174,168,-25,46,10.96,61.98,207.9,1523,1478,0.55,-0.51,-116.58,2.0873,3.0948,7.1262,0
12.191,164,-25,46,10.70,61.98,207.9,1522,1478,0.55,-0.51,-116.58,2.0873,3.0948,7.1262,0
12.208,161,-25,46,10.50,61.98,207.9,1522,1478,0.55,-0.51,-116.58,2.0873,3.0948,7.1262,0
12.225,158,-25,46,10.30,61.98,207.9,1522,1478,0.55,-0.51,-116.58,2.0873,3.0948,7.1262,0
12.242,154,-24,47,9.83,60.66,207.5,1522,1478,0.55,-0.51,-116.58,2.0873,3.0948,7.1262,0
12.259,151,-24,47,9.64,60.66,207.5,1522,1478,0.55,-0.51,-116.58,2.0873,3.0948,7.1262,0
12.276,148,-24,47,9.45,60.66,207.5,1522,1478,0.55,-0.51,-116.58,2.0873,3.0948,7.1262,0
12.293,145,-24,47,9.26,60.66,207.5,1522,1478,0.55,-0.51,-116.58,2.0873,3.0948,7.1262,0
12.310,142,-24,47,9.06,60.66,207.5,1522,1478,-0.22,0.08,-115.86,2.0873,3.0948,7.1262,0
12.327,139,-24,47,8.87,60.66,207.5,1522,1478,-0.22,0.08,-115.86,2.0873,3.0948,7.1262,0
12.344,136,-24,47,8.68,60.66,207.5,1522,1478,-0.22,0.08,-115.86,2.0873,3.0948,7.1262,0
12.361,134,-23,48,8.38,59.39,207.2,1522,1478,-0.22,0.08,-115.86,3.4138,2.1529,6.4480,0
12.378,132,-24,47,8.43,60.66,207.5,1522,1478,-0.22,0.08,-115.86,3.4138,2.1529,6.4480,0
12.395,130,-23,48,8.12,59.39,207.2,1522,1478,-0.22,0.08,-115.86,3.4138,2.1529,6.4480,0
12.412,127,-24,47,8.11,60.66,207.5,1522,1478,-0.22,0.08,-115.86,3.4138,2.1529,6.4480,0
12.429,125,-24,47,7.98,60.66,207.5,1522,1478,-0.22,0.08,-115.86,3.4138,2.1529,6.4480,0
12.446,122,-24,47,7.79,60.66,207.5,1522,1478,-0.22,0.08,-115.86,3.4138,2.1529,6.4480,0
12.463,119,-24,47,7.60,60.66,207.5,1522,1478,-0.22,0.08,-115.86,3.4138,2.1529,6.4480,0
12.480,116,-24,47,7.40,60.66,207.5,1522,1478,-0.22,0.08,-115.86,3.4138,2.1529,6.4480,0
12.497,113,-24,47,7.21,60.66,207.5,1522,1478,-0.22,0.08,-115.86,3.4138,2.1529,6.4480,0
12.514,110,-23,48,6.88,59.39,207.2,1522,1478,-0.22,0.08,-115.86,3.4138,2.1529,6.4480,0
12.531,107,-24,47,6.83,60.66,207.5,1522,1478,-0.22,0.08,-115.86,3.4138,2.1529,6.4480,0
12.548,103,-23,48,6.44,59.39,207.2,1522,1478,-0.59,-0.15,-115.41,3.4138,2.1529,6.4480,0
12.565,99,-23,48,6.19,59.39,207.2,1478,1478,-0.59,-0.15,-115.41,3.4138,2.1529,6.4480,0
12.582,95,-24,47,6.06,60.66,207.5,1478,1478,-0.59,-0.15,-115.41,3.4138,2.1529,6.4480,0
12.599,92,-24,47,5.87,60.66,207.5,1478,1478,-0.59,-0.15,-115.41,3.4138,2.1529,6.4480,0
12.616,90,-24,47,5.74,60.66,207.5,1522,1478,-0.59,-0.15,-115.41,3.3077,1.9414,6.7130,0
12.634,87,-24,47,5.55,60.66,207.5,1522,1478,-0.59,-0.15,-115.41,3.3077,1.9414,6.7130,0
12.651,85,-24,47,5.43,60.66,207.5,1522,1478,-0.59,-0.15,-115.41,3.3077,1.9414,6.7130,0
12.668,83,-24,47,5.30,60.66,207.5,1522,1478,-0.59,-0.15,-115.41,3.3077,1.9414,6.7130,0
12.686,80,-24,47,5.11,60.66,207.5,1522,1478,-0.59,-0.15,-115.41,3.3077,1.9414,6.7130,0
12.703,77,-24,47,4.91,60.66,207.5,1500,1478,-0.59,-0.15,-115.41,3.3077,1.9414,6.7130,0
12.721,72,-24,47,4.60,60.66,207.5,1478,1478,-0.59,-0.15,-115.41,3.3077,1.9414,6.7130,0
12.738,69,-24,47,4.40,60.66,207.5,1478,1478,-0.59,-0.15,-115.41,3.3077,1.9414,6.7130,0
12.755,67,-24,47,4.28,60.66,207.5,1478,1478,-0.59,-0.15,-115.41,3.3077,1.9414,6.7130,0
12.772,64,-24,47,4.09,60.66,207.5,1478,1478,-0.59,-0.15,-115.41,3.3077,1.9414,6.7130,0
12.789,62,-24,47,3.96,60.66,207.5,1478,1478,-0.59,-0.15,-115.41,3.3077,1.9414,6.7130,0
12.806,59,-24,47,3.77,60.66,207.5,1478,1478,-1.03,0.12,-115.17,3.3077,1.9414,6.7130,0
12.823,57,-25,46,3.72,61.98,207.9,1478,1477,-1.03,0.12,-115.17,3.3077,1.9414,6.7130,0
12.840,55,-25,46,3.59,61.98,207.9,1478,1478,-1.03,0.12,-115.17,3.3077,1.9414,6.7130,0
12.857,53,-25,46,3.46,61.98,207.9,1478,1478,-1.03,0.12,-115.17,3.8391,2.0754,7.9015,0
12.874,52,-25,46,3.39,61.98,207.9,1522,1478,-1.03,0.12,-115.17,3.8391,2.0754,7.9015,0
12.891,50,-25,46,3.26,61.98,207.9,1500,1478,-1.03,0.12,-115.17,3.8391,2.0754,7.9015,0
12.908,49,-25,46,3.20,61.98,207.9,1522,1478,-1.03,0.12,-115.17,3.8391,2.0754,7.9015,0
12.925,48,-26,45,3.20,63.35,208.2,1522,1476,-1.03,0.12,-115.17,3.8391,2.0754,7.9015,0
12.942,46,-26,45,3.07,63.35,208.2,1500,1478,-1.03,0.12,-115.17,3.8391,2.0754,7.9015,0
12.959,45,-26,45,3.00,63.35,208.2,1522,1478,-1.03,0.12,-115.17,3.8391,2.0754,7.9015,0
12.976,44,-26,45,2.93,63.35,208.2,1522,1478,-1.03,0.12,-115.17,3.8391,2.0754,7.9015,0
12.993,43,-27,44,2.93,64.79,208.6,1522,1475,-1.03,0.12,-115.17,3.8391,2.0754,7.9015,0
13.010,42,-27,44,2.86,64.79,208.6,1522,1477,-1.03,0.12,-115.17,3.8391,2.0754,7.9015,0
13.027,41,-27,44,2.80,64.79,208.6,1522,1478,-1.03,0.12,-115.17,3.8391,2.0754,7.9015,0
13.044,41,-27,44,2.80,64.79,208.6,1522,1478,-0.88,0.16,-115.37,3.8391,2.0754,7.9015,0
13.061,40,-27,44,2.73,64.79,208.6,1522,1478,-0.88,0.16,-115.37,3.8391,2.0754,7.9015,0
13.078,39,-27,44,2.66,64.79,208.6,1522,1478,-0.88,0.16,-115.37,3.8391,2.0754,7.9015,0
13.095,39,-28,43,2.72,66.30,208.9,1522,1474,-0.88,0.16,-115.37,3.8391,2.0754,7.9015,0
13.112,38,-28,43,2.65,66.30,208.9,1522,1476,-0.88,0.16,-115.37,3.3715,2.0885,7.0411,0
13.129,38,-28,43,2.65,66.30,208.9,1522,1477,-0.88,0.16,-115.37,3.3715,2.0885,7.0411,0
13.146,37,-28,43,2.58,66.30,208.9,1522,1477,-0.88,0.16,-115.37,3.3715,2.0885,7.0411,0
13.163,37,-28,43,2.58,66.30,208.9,1522,1478,-0.88,0.16,-115.37,3.3715,2.0885,7.0411,0
13.180,36,-28,43,2.51,66.30,208.9,1522,1478,-0.88,0.16,-115.37,3.3715,2.0885,7.0411,0
13.197,35,-29,42,2.50,67.88,209.3,1522,1474,-0.88,0.16,-115.37,3.3715,2.0885,7.0411,0
13.214,34,-29,42,2.43,67.88,209.3,1522,1475,-0.88,0.16,-115.37,3.3715,2.0885,7.0411,0
13.231,34,-29,42,2.43,67.88,209.3,1522,1476,-0.88,0.16,-115.37,3.3715,2.0885,7.0411,0
13.248,33,-30,41,2.41,69.53,209.6,1522,1472,-0.88,0.16,-115.37,3.3715,2.0885,7.0411,0
13.265,33,-30,41,2.41,69.53,209.6,1522,1474,-0.88,0.16,-115.37,3.3715,2.0885,7.0411,0
13.281,33,-30,41,2.41,69.53,209.6,1522,1475,-0.88,0.16,-115.37,3.3715,2.0885,7.0411,0
13.298,33,-30,41,2.41,69.53,209.6,1522,1476,-0.89,-0.16,-115.70,3.3715,2.0885,7.0411,0
13.315,33,-30,41,2.41,69.53,209.6,1522,1476,-0.89,-0.16,-115.70,3.3715,2.0885,7.0411,0
13.333,33,-30,41,2.41,69.53,209.6,1522,1476,-0.89,-0.16,-115.70,3.3715,2.0885,7.0411,0
13.350,34,-31,40,2.55,71.27,210.0,1522,1472,-0.89,-0.16,-115.70,3.3715,2.0885,7.0411,0
13.370,34,-31,40,2.55,71.27,210.0,1522,1474,-0.89,-0.16,-115.70,3.6325,1.9684,6.3387,0
13.387,33,-31,40,2.48,71.27,210.0,1522,1475,-0.89,-0.16,-115.70,3.6325,1.9684,6.3387,0
13.404,33,-32,39,2.54,73.10,210.3,1522,1471,-0.89,-0.16,-115.70,3.6325,1.9684,6.3387,0
13.421,32,-32,39,2.46,73.10,210.3,1522,1473,-0.89,-0.16,-115.70,3.6325,1.9684,6.3387,0
13.438,32,-32,39,2.46,73.10,210.3,1522,1474,-0.89,-0.16,-115.70,3.6325,1.9684,6.3387,0
13.455,31,-33,38,2.45,75.02,210.7,1522,1470,-0.89,-0.16,-115.70,3.6325,1.9684,6.3387,0
13.472,30,-33,38,2.37,75.02,210.7,1522,1472,-0.89,-0.16,-115.70,3.6325,1.9684,6.3387,0
13.489,30,-33,38,2.37,75.02,210.7,1522,1473,-0.89,-0.16,-115.70,3.6325,1.9684,6.3387,0
13.506,29,-34,37,2.35,77.05,211.0,1522,1469,-0.89,-0.16,-115.70,3.6325,1.9684,6.3387,0
13.523,27,-34,37,2.19,77.05,211.0,1478,1471,-0.89,-0.16,-115.70,3.6325,1.9684,6.3387,0
13.540,26,-34,37,2.11,77.05,211.0,1478,1472,-0.89,-0.16,-115.70,3.6325,1.9684,6.3387,0
13.557,24,-34,37,1.95,77.05,211.0,1478,1473,-0.52,-1.15,-115.86,3.6325,1.9684,6.3387,0
13.574,22,-35,36,1.83,79.19,211.4,1478,1469,-0.52,-1.15,-115.86,3.6325,1.9684,6.3387,0
13.591,20,-35,36,1.67,79.19,211.4,1478,1470,-0.52,-1.15,-115.86,3.6325,1.9684,6.3387,0
13.608,18,-35,36,1.50,79.19,211.4,1478,1471,-0.52,-1.15,-115.86,3.2841,2.1533,7.2942,0
13.625,17,-35,36,1.42,79.19,211.4,1478,1472,-0.52,-1.15,-115.86,3.2841,2.1533,7.2942,0
13.642,15,-35,36,1.25,79.19,211.4,1478,1472,-0.52,-1.15,-115.86,3.2841,2.1533,7.2942,0
13.659,13,-36,35,1.11,81.45,211.8,1478,1468,-0.52,-1.15,-115.86,3.2841,2.1533,7.2942,0
13.676,11,-36,35,0.94,81.45,211.8,1478,1470,-0.52,-1.15,-115.86,3.2841,2.1533,7.2942,0
13.692,8,-36,35,0.69,81.45,211.8,1478,1471,-0.52,-1.15,-115.86,3.2841,2.1533,7.2942,0
13.709,5,-36,35,0.43,81.45,211.8,1478,1471,-0.52,-1.15,-115.86,3.2841,2.1533,7.2942,0
13.726,3,-37,34,0.26,83.85,212.1,1478,1467,-0.52,-1.15,-115.86,3.2841,2.1533,7.2942,0
13.743,1,-37,34,0.09,83.85,212.1,1478,1469,-0.52,-1.15,-115.86,3.2841,2.1533,7.2942,0
13.760,-2,-37,34,-0.18,83.85,212.1,1478,1470,-0.52,-1.15,-115.86,3.2841,2.1533,7.2942,0
13.777,-4,-37,34,-0.35,83.85,212.1,1478,1470,-0.52,-1.15,-115.86,3.2841,2.1533,7.2942,0
13.794,-6,-37,34,-0.53,83.85,212.1,1478,1470,-0.65,-2.36,-114.79,3.2841,2.1533,7.2942,0
13.811,-9,-38,33,-0.82,86.39,212.4,1478,1466,-0.65,-2.36,-114.79,3.2841,2.1533,7.2942,0
13.828,-10,-38,33,-0.91,86.39,212.4,1478,1468,-0.65,-2.36,-114.79,3.2841,2.1533,7.2942,0
13.845,-12,-38,33,-1.09,86.39,212.4,1478,1469,-0.65,-2.36,-114.79,3.2841,2.1533,7.2942,0
13.862,-14,-38,33,-1.27,86.39,212.4,1478,1469,-0.65,-2.36,-114.79,2.9484,1.9412,7.4103,0
13.879,-15,-38,33,-1.36,86.39,212.4,1478,1470,-0.65,-2.36,-114.79,2.9484,1.9412,7.4103,0
13.896,-16,-38,33,-1.45,86.39,212.4,1478,1470,-0.65,-2.36,-114.79,2.9484,1.9412,7.4103,0
13.913,-16,-38,33,-1.45,86.39,212.4,1478,1470,-0.65,-2.36,-114.79,2.9484,1.9412,7.4103,0
13.930,-17,-39,32,-1.59,89.09,212.8,1478,1466,-0.65,-2.36,-114.79,2.9484,1.9412,7.4103,0
13.947,-17,-39,32,-1.59,89.09,212.8,1478,1467,-0.65,-2.36,-114.79,2.9484,1.9412,7.4103,0
13.964,-17,-39,32,-1.59,89.09,212.8,1478,1468,-0.65,-2.36,-114.79,2.9484,1.9412,7.4103,0
13.981,-18,-39,32,-1.69,89.09,212.8,1478,1469,-0.65,-2.36,-114.79,2.9484,1.9412,7.4103,0
13.999,-18,-39,32,-1.69,89.09,212.8,1478,1469,-0.65,-2.36,-114.79,2.9484,1.9412,7.4103,0
14.017,-18,-39,32,-1.69,89.09,212.8,1478,1469,-0.65,-2.36,-114.79,2.9484,1.9412,7.4103,0
14.034,-19,-39,32,-1.78,89.09,212.8,1478,1469,-0.65,-2.36,-114.79,2.9484,1.9412,7.4103,0
14.051,-20,-40,31,-1.94,91.96,213.1,1478,1465,-0.39,-2.72,-114.96,2.9484,1.9412,7.4103,0
14.068,-21,-40,31,-2.03,91.96,213.1,1478,1467,-0.39,-2.72,-114.96,2.9484,1.9412,7.4103,0
14.086,-23,-40,31,-2.23,91.96,213.1,1478,1467,-0.39,-2.72,-114.96,2.9484,1.9412,7.4103,0
14.103,-24,-40,31,-2.32,91.96,213.1,1478,1468,-0.39,-2.72,-114.96,2.9484,1.9412,7.4103,0
14.120,-26,-40,31,-2.52,91.96,213.1,1478,1468,-0.39,-2.72,-114.96,3.1830,1.7882,7.0806,0
14.137,-27,-40,31,-2.61,91.96,213.1,1478,1468,-0.39,-2.72,-114.96,3.1830,1.7882,7.0806,0
14.154,-28,-40,31,-2.71,91.96,213.1,1478,1468,-0.39,-2.72,-114.96,3.1830,1.7882,7.0806,0
14.171,-30,-40,31,-2.90,91.96,213.1,1478,1468,-0.39,-2.72,-114.96,3.1830,1.7882,7.0806,0
14.188,-31,-41,30,-3.10,95.03,213.5,1478,1464,-0.39,-2.72,-114.96,3.1830,1.7882,7.0806,0
14.205,-32,-41,30,-3.20,95.03,213.5,1478,1466,-0.39,-2.72,-114.96,3.1830,1.7882,7.0806,0
14.222,-33,-41,30,-3.30,95.03,213.5,1478,1467,-0.39,-2.72,-114.96,3.1830,1.7882,7.0806,0
14.239,-35,-41,30,-3.50,95.03,213.5,1478,1467,-0.39,-2.72,-114.96,3.1830,1.7882,7.0806,0
14.256,-36,-41,30,-3.60,95.03,213.5,1478,1467,-0.39,-2.72,-114.96,3.1830,1.7882,7.0806,0
14.273,-37,-41,30,-3.70,95.03,213.5,1478,1467,-0.39,-2.72,-114.96,3.1830,1.7882,7.0806,0
14.290,-38,-41,30,-3.80,95.03,213.5,1478,1467,-0.21,-3.28,-115.03,3.1830,1.7882,7.0806,0
14.307,-40,-42,29,-4.14,98.31,213.8,1478,1463,-0.21,-3.28,-115.03,3.1830,1.7882,7.0806,0
14.324,-41,-42,29,-4.24,98.31,213.8,1478,1465,-0.21,-3.28,-115.03,3.1830,1.7882,7.0806,0
14.341,-42,-42,29,-4.34,98.31,213.8,1478,1466,-0.21,-3.28,-115.03,3.1830,1.7882,7.0806,0
14.358,-43,-42,29,-4.45,98.31,213.8,1478,1466,-0.21,-3.28,-115.03,3.2699,1.9225,8.2529,0
14.375,-45,-42,29,-4.66,98.31,213.8,1478,1466,-0.21,-3.28,-115.03,3.2699,1.9225,8.2529,0
14.392,-46,-42,29,-4.76,98.31,213.8,1478,1467,-0.21,-3.28,-115.03,3.2699,1.9225,8.2529,0
14.409,-48,-42,29,-4.97,98.31,213.8,1477,1467,-0.21,-3.28,-115.03,3.2699,1.9225,8.2529,0
14.426,-49,-42,29,-5.07,98.31,213.8,1478,1467,-0.21,-3.28,-115.03,3.2699,1.9225,8.2529,0
14.443,-52,-41,30,-5.20,95.03,213.5,1472,1471,-0.21,-3.28,-115.03,3.2699,1.9225,8.2529,0
14.460,-54,-42,29,-5.59,98.31,213.8,1472,1465,-0.21,-3.28,-115.03,3.2699,1.9225,8.2529,0
14.477,-56,-41,30,-5.60,95.03,213.5,1472,1470,-0.21,-3.28,-115.03,3.2699,1.9225,8.2529,0
14.494,-59,-42,29,-6.10,98.31,213.8,1468,1464,-0.21,-3.28,-115.03,3.2699,1.9225,8.2529,0
14.511,-61,-42,29,-6.31,98.31,213.8,1469,1466,-0.21,-3.28,-115.03,3.2699,1.9225,8.2529,0
14.527,-63,-42,29,-6.52,98.31,213.8,1470,1466,-0.21,-3.28,-115.03,3.2699,1.9225,8.2529,0
14.544,-66,-42,29,-6.83,98.31,213.8,1466,1466,-0.90,-3.07,-114.86,3.2699,1.9225,8.2529,0
14.561,-68,-42,29,-7.03,98.31,213.8,1467,1467,-0.90,-3.07,-114.86,3.2699,1.9225,8.2529,0
14.578,-70,-41,30,-7.00,95.03,213.5,1468,1471,-0.90,-3.07,-114.86,3.2699,1.9225,8.2529,0
14.595,-72,-41,30,-7.20,95.03,213.5,1468,1469,-0.90,-3.07,-114.86,3.2699,1.9225,8.2529,0
14.612,-74,-41,30,-7.40,95.03,213.5,1468,1468,-0.90,-3.07,-114.86,3.2942,1.8761,6.5898,0
14.629,-75,-41,30,-7.50,95.03,213.5,1471,1468,-0.90,-3.07,-114.86,3.2942,1.8761,6.5898,0
14.646,-78,-42,29,-8.07,98.31,213.8,1465,1463,-0.90,-3.07,-114.86,3.2942,1.8761,6.5898,0
14.663,-80,-41,30,-8.00,95.03,213.5,1465,1469,-0.90,-3.07,-114.86,3.2942,1.8761,6.5898,0
14.680,-81,-41,30,-8.10,95.03,213.5,1469,1468,-0.90,-3.07,-114.86,3.2942,1.8761,6.5898,0
14.697,-83,-41,30,-8.30,95.03,213.5,1467,1468,-0.90,-3.07,-114.86,3.2942,1.8761,6.5898,0
14.714,-85,-41,30,-8.50,95.03,213.5,1466,1468,-0.90,-3.07,-114.86,3.2942,1.8761,6.5898,0
14.732,-87,-41,30,-8.70,95.03,213.5,1465,1468,-0.90,-3.07,-114.86,3.2942,1.8761,6.5898,0
14.752,-90,-41,30,-9.00,95.03,213.5,1462,1468,-0.90,-3.07,-114.86,3.2942,1.8761,6.5898,0
14.769,-92,-41,30,-9.20,95.03,213.5,1462,1468,-0.90,-3.07,-114.86,3.2942,1.8761,6.5898,0
14.786,-94,-41,30,-9.40,95.03,213.5,1462,1468,-0.90,-3.07,-114.86,3.2942,1.8761,6.5898,0
14.803,-94,-41,30,-9.40,95.03,213.5,1470,1468,-2.12,-2.58,-115.09,3.2942,1.8761,6.5898,0
14.820,-99,-41,30,-9.90,95.03,213.5,1454,1468,-2.12,-2.58,-115.09,3.2942,1.8761,6.5898,0
14.837,-103,-41,30,-10.30,95.03,213.5,1450,1468,-2.12,-2.58,-115.09,3.2942,1.8761,6.5898,0
14.854,-105,-41,30,-10.50,95.03,213.5,1455,1468,-2.12,-2.58,-115.09,3.4285,1.8160,6.3880,0
14.871,-108,-41,30,-10.80,95.03,213.5,1453,1468,-2.12,-2.58,-115.09,3.4285,1.8160,6.3880,0
14.888,-111,-41,30,-11.10,95.03,213.5,1452,1468,-2.12,-2.58,-115.09,3.4285,1.8160,6.3880,0
14.905,-112,-41,30,-11.20,95.03,213.5,1458,1468,-2.12,-2.58,-115.09,3.4285,1.8160,6.3880,0
14.922,-115,-41,30,-11.50,95.03,213.5,1454,1468,-2.12,-2.58,-115.09,3.4285,1.8160,6.3880,0
14.939,-118,-41,30,-11.80,95.03,213.5,1451,1468,-2.12,-2.58,-115.09,3.4285,1.8160,6.3880,0
14.956,-120,-41,30,-12.00,95.03,213.5,1454,1468,-2.12,-2.58,-115.09,3.4285,1.8160,6.3880,0
14.972,-121,-41,30,-12.10,95.03,213.5,1458,1468,-2.12,-2.58,-115.09,3.4285,1.8160,6.3880,0
14.989,-123,-41,30,-12.30,95.03,213.5,1457,1468,-2.12,-2.58,-115.09,3.4285,1.8160,6.3880,0
15.006,-124,-40,31,-12.00,91.96,213.1,1459,1472,-2.12,-2.58,-115.09,3.4285,1.8160,6.3880,0
15.024,-126,-40,31,-12.19,91.96,213.1,1457,1470,-2.12,-2.58,-115.09,3.4285,1.8160,6.3880,0
15.040,-125,-41,30,-12.50,95.03,213.5,1467,1465,-2.12,-2.58,-115.09,3.4285,1.8160,6.3880,0
15.057,-127,-40,31,-12.29,91.96,213.1,1460,1471,-3.28,-2.05,-114.74,3.4285,1.8160,6.3880,0
15.074,-128,-40,31,-12.39,91.96,213.1,1461,1469,-3.28,-2.05,-114.74,3.4285,1.8160,6.3880,0
15.091,-130,-40,31,-12.58,91.96,213.1,1457,1469,-3.28,-2.05,-114.74,3.4285,1.8160,6.3880,0
15.108,-131,-40,31,-12.68,91.96,213.1,1459,1469,-3.28,-2.05,-114.74,3.0345,1.8231,7.2460,0
15.125,-132,-40,31,-12.77,91.96,213.1,1459,1468,-3.28,-2.05,-114.74,3.0345,1.8231,7.2460,0
15.142,-133,-40,31,-12.87,91.96,213.1,1460,1468,-3.28,-2.05,-114.74,3.0345,1.8231,7.2460,0
15.159,-134,-40,31,-12.97,91.96,213.1,1460,1468,-3.28,-2.05,-114.74,3.0345,1.8231,7.2460,0
15.176,-136,-40,31,-13.16,91.96,213.1,1456,1468,-3.28,-2.05,-114.74,3.0345,1.8231,7.2460,0
15.193,-137,-39,32,-12.84,89.09,212.8,1457,1473,-3.28,-2.05,-114.74,3.0345,1.8231,7.2460,0
15.210,-138,-39,32,-12.94,89.09,212.8,1458,1471,-3.28,-2.05,-114.74,3.0345,1.8231,7.2460,0
15.227,-138,-39,32,-12.94,89.09,212.8,1462,1470,-3.28,-2.05,-114.74,3.0345,1.8231,7.2460,0
15.244,-139,-39,32,-13.03,89.09,212.8,1460,1470,-3.28,-2.05,-114.74,3.0345,1.8231,7.2460,0
15.261,-139,-39,32,-13.03,89.09,212.8,1463,1469,-3.28,-2.05,-114.74,3.0345,1.8231,7.2460,0
15.278,-139,-39,32,-13.03,89.09,212.8,1464,1469,-3.28,-2.05,-114.74,3.0345,1.8231,7.2460,0
15.295,-139,-39,32,-13.03,89.09,212.8,1465,1469,-3.63,-1.61,-114.42,3.0345,1.8231,7.2460,0
15.312,-138,-39,32,-12.94,89.09,212.8,1469,1469,-3.63,-1.61,-114.42,3.0345,1.8231,7.2460,0
15.329,-137,-39,32,-12.84,89.09,212.8,1471,1469,-3.63,-1.61,-114.42,3.0345,1.8231,7.2460,0
15.346,-136,-39,32,-12.75,89.09,212.8,1472,1469,-3.63,-1.61,-114.42,3.0345,1.8231,7.2460,0
15.363,-135,-39,32,-12.66,89.09,212.8,1473,1469,-3.63,-1.61,-114.42,3.7556,1.4426,7.4169,0
15.380,-134,-39,32,-12.56,89.09,212.8,1474,1469,-3.63,-1.61,-114.42,3.7556,1.4426,7.4169,0
15.398,-132,-38,33,-12.00,86.39,212.4,1478,1473,-3.63,-1.61,-114.42,3.7556,1.4426,7.4169,0
15.415,-131,-38,33,-11.91,86.39,212.4,1476,1472,-3.63,-1.61,-114.42,3.7556,1.4426,7.4169,0
15.435,-129,-38,33,-11.73,86.39,212.4,1478,1471,-3.63,-1.61,-114.42,3.7556,1.4426,7.4169,0
15.452,-126,-38,33,-11.45,86.39,212.4,1478,1470,-3.63,-1.61,-114.42,3.7556,1.4426,7.4169,0
15.469,-123,-38,33,-11.18,86.39,212.4,1478,1470,-3.63,-1.61,-114.42,3.7556,1.4426,7.4169,0
15.486,-121,-38,33,-11.00,86.39,212.4,1478,1470,-3.63,-1.61,-114.42,3.7556,1.4426,7.4169,0
15.503,-119,-38,33,-10.82,86.39,212.4,1478,1470,-3.63,-1.61,-114.42,3.7556,1.4426,7.4169,0
15.520,-117,-38,33,-10.64,86.39,212.4,1478,1470,-3.63,-1.61,-114.42,3.7556,1.4426,7.4169,0
15.537,-115,-37,34,-10.15,83.85,212.1,1478,1474,-3.63,-1.61,-114.42,3.7556,1.4426,7.4169,0
15.554,-113,-37,34,-9.97,83.85,212.1,1478,1472,-2.53,-1.20,-115.01,3.7556,1.4426,7.4169,0
15.571,-110,-37,34,-9.71,83.85,212.1,1478,1472,-2.53,-1.20,-115.01,3.7556,1.4426,7.4169,0
15.588,-108,-37,34,-9.53,83.85,212.1,1478,1471,-2.53,-1.20,-115.01,3.7556,1.4426,7.4169,0
15.605,-106,-37,34,-9.35,83.85,212.1,1478,1471,-2.53,-1.20,-115.01,2.9632,1.8350,5.9088,0
15.622,-103,-37,34,-9.09,83.85,212.1,1478,1471,-2.53,-1.20,-115.01,2.9632,1.8350,5.9088,0
15.639,-100,-37,34,-8.82,83.85,212.1,1478,1471,-2.53,-1.20,-115.01,2.9632,1.8350,5.9088,0
15.656,-98,-37,34,-8.65,83.85,212.1,1478,1471,-2.53,-1.20,-115.01,2.9632,1.8350,5.9088,0
15.673,-95,-36,35,-8.14,81.45,211.8,1478,1475,-2.53,-1.20,-115.01,2.9632,1.8350,5.9088,0
15.690,-92,-36,35,-7.89,81.45,211.8,1478,1473,-2.53,-1.20,-115.01,2.9632,1.8350,5.9088,0
15.707,-90,-36,35,-7.71,81.45,211.8,1478,1472,-2.53,-1.20,-115.01,2.9632,1.8350,5.9088,0
15.724,-87,-36,35,-7.46,81.45,211.8,1478,1472,-2.53,-1.20,-115.01,2.9632,1.8350,5.9088,0
15.741,-84,-36,35,-7.20,81.45,211.8,1500,1472,-2.53,-1.20,-115.01,2.9632,1.8350,5.9088,0
15.758,-81,-36,35,-6.94,81.45,211.8,1500,1472,-2.53,-1.20,-115.01,2.9632,1.8350,5.9088,0
15.775,-78,-36,35,-6.69,81.45,211.8,1522,1472,-2.53,-1.20,-115.01,2.9632,1.8350,5.9088,0
15.791,-76,-35,36,-6.33,79.19,211.4,1478,1476,-1.76,-0.43,-115.46,2.9632,1.8350,5.9088,0
15.808,-73,-36,35,-6.26,81.45,211.8,1522,1470,-1.76,-0.43,-115.46,2.9632,1.8350,5.9088,0
15.825,-70,-35,36,-5.83,79.19,211.4,1522,1475,-1.76,-0.43,-115.46,2.9632,1.8350,5.9088,0
15.842,-67,-35,36,-5.58,79.19,211.4,1522,1474,-1.76,-0.43,-115.46,2.9632,1.8350,5.9088,0
15.859,-64,-35,36,-5.33,79.19,211.4,1522,1473,-1.76,-0.43,-115.46,3.7544,2.1078,5.9797,0
15.876,-61,-35,36,-5.08,79.19,211.4,1522,1473,-1.76,-0.43,-115.46,3.7544,2.1078,5.9797,0
15.893,-57,-35,36,-4.75,79.19,211.4,1522,1472,-1.76,-0.43,-115.46,3.7544,2.1078,5.9797,0
15.910,-55,-35,36,-4.58,79.19,211.4,1522,1472,-1.76,-0.43,-115.46,3.7544,2.1078,5.9797,0
15.927,-51,-35,36,-4.25,79.19,211.4,1522,1472,-1.76,-0.43,-115.46,3.7544,2.1078,5.9797,0
15.944,-47,-35,36,-3.92,79.19,211.4,1522,1472,-1.76,-0.43,-115.46,3.7544,2.1078,5.9797,0
15.961,-44,-35,36,-3.67,79.19,211.4,1522,1472,-1.76,-0.43,-115.46,3.7544,2.1078,5.9797,0
15.978,-40,-34,37,-3.24,77.05,211.0,1522,1477,-1.76,-0.43,-115.46,3.7544,2.1078,5.9797,0
15.995,-37,-34,37,-3.00,77.05,211.0,1522,1475,-1.76,-0.43,-115.46,3.7544,2.1078,5.9797,0
16.012,-33,-34,37,-2.68,77.05,211.0,1522,1474,-1.76,-0.43,-115.46,3.7544,2.1078,5.9797,0
16.029,-30,-34,37,-2.43,77.05,211.0,1522,1474,-1.76,-0.43,-115.46,3.7544,2.1078,5.9797,0
16.046,-26,-34,37,-2.11,77.05,211.0,1522,1473,-0.78,-0.65,-115.93,3.7544,2.1078,5.9797,0
16.063,-23,-34,37,-1.86,77.05,211.0,1522,1473,-0.78,-0.65,-115.93,3.7544,2.1078,5.9797,0
16.081,-20,-34,37,-1.62,77.05,211.0,1522,1473,-0.78,-0.65,-115.93,3.7544,2.1078,5.9797,0
16.098,-17,-34,37,-1.38,77.05,211.0,1522,1473,-0.78,-0.65,-115.93,3.7544,2.1078,5.9797,0
16.116,-14,-34,37,-1.14,77.05,211.0,1522,1473,-0.78,-0.65,-115.93,2.7391,2.7150,6.7526,0
16.133,-11,-34,37,-0.89,77.05,211.0,1522,1473,-0.78,-0.65,-115.93,2.7391,2.7150,6.7526,0
16.150,-8,-34,37,-0.65,77.05,211.0,1522,1473,-0.78,-0.65,-115.93,2.7391,2.7150,6.7526,0
16.167,-5,-33,38,-0.39,75.02,210.7,1522,1477,-0.78,-0.65,-115.93,2.7391,2.7150,6.7526,0
16.184,0,-33,38,0.00,75.02,210.7,1527,1476,-0.78,-0.65,-115.93,2.7391,2.7150,6.7526,0
16.201,3,-34,37,0.24,77.05,211.0,1525,1470,-0.78,-0.65,-115.93,2.7391,2.7150,6.7526,0
16.218,5,-34,37,0.41,77.05,211.0,1522,1472,-0.78,-0.65,-115.93,2.7391,2.7150,6.7526,0
16.235,7,-33,38,0.55,75.02,210.7,1522,1477,-0.78,-0.65,-115.93,2.7391,2.7150,6.7526,0
16.252,9,-33,38,0.71,75.02,210.7,1522,1475,-0.78,-0.65,-115.93,2.7391,2.7150,6.7526,0
16.269,10,-34,37,0.81,77.05,211.0,1522,1470,-0.78,-0.65,-115.93,2.7391,2.7150,6.7526,0
16.286,12,-33,38,0.95,75.02,210.7,1522,1476,-0.78,-0.65,-115.93,2.7391,2.7150,6.7526,0
16.303,14,-33,38,1.11,75.02,210.7,1522,1475,-0.52,-1.38,-116.08,2.7391,2.7150,6.7526,0
16.320,15,-33,38,1.18,75.02,210.7,1522,1474,-0.52,-1.38,-116.08,2.7391,2.7150,6.7526,0
16.337,17,-33,38,1.34,75.02,210.7,1522,1474,-0.52,-1.38,-116.08,2.7391,2.7150,6.7526,0
16.354,19,-33,38,1.50,75.02,210.7,1522,1474,-0.52,-1.38,-116.08,2.6592,2.5715,6.9501,0
16.371,22,-33,38,1.74,75.02,210.7,1522,1474,-0.52,-1.38,-116.08,2.6592,2.5715,6.9501,0
16.388,24,-33,38,1.89,75.02,210.7,1522,1474,-0.52,-1.38,-116.08,2.6592,2.5715,6.9501,0
16.405,27,-32,39,2.08,73.10,210.3,1525,1478,-0.52,-1.38,-116.08,2.6592,2.5715,6.9501,0
16.422,31,-32,39,2.38,73.10,210.3,1531,1476,-0.52,-1.38,-116.08,2.6592,2.5715,6.9501,0
16.439,34,-32,39,2.62,73.10,210.3,1530,1476,-0.52,-1.38,-116.08,2.6592,2.5715,6.9501,0
16.456,37,-32,39,2.85,73.10,210.3,1530,1475,-0.52,-1.38,-116.08,2.6592,2.5715,6.9501,0
16.473,40,-31,40,3.00,71.27,210.0,1531,1478,-0.52,-1.38,-116.08,2.6592,2.5715,6.9501,0
16.490,43,-31,40,3.23,71.27,210.0,1532,1477,-0.52,-1.38,-116.08,2.6592,2.5715,6.9501,0
16.506,46,-31,40,3.45,71.27,210.0,1532,1476,-0.52,-1.38,-116.08,2.6592,2.5715,6.9501,0
16.523,48,-31,40,3.60,71.27,210.0,1529,1476,-0.52,-1.38,-116.08,2.6592,2.5715,6.9501,0
16.540,51,-31,40,3.83,71.27,210.0,1532,1476,0.46,-2.03,-117.05,2.6592,2.5715,6.9501,0
16.557,53,-31,40,3.98,71.27,210.0,1530,1476,0.46,-2.03,-117.05,2.6592,2.5715,6.9501,0
16.574,54,-31,40,4.05,71.27,210.0,1525,1476,0.46,-2.03,-117.05,2.6592,2.5715,6.9501,0
16.591,56,-31,40,4.20,71.27,210.0,1527,1476,0.46,-2.03,-117.05,2.6592,2.5715,6.9501,0
16.608,57,-30,41,4.17,69.53,209.6,1524,1478,0.46,-2.03,-117.05,2.3713,2.9343,7.1129,0
16.625,58,-30,41,4.24,69.53,209.6,1523,1478,0.46,-2.03,-117.05,2.3713,2.9343,7.1129,0
16.642,58,-30,41,4.24,69.53,209.6,1522,1477,0.46,-2.03,-117.05,2.3713,2.9343,7.1129,0
16.659,58,-30,41,4.24,69.53,209.6,1522,1477,0.46,-2.03,-117.05,2.3713,2.9343,7.1129,0
16.676,57,-29,42,4.07,67.88,209.3,1522,1478,0.46,-2.03,-117.05,2.3713,2.9343,7.1129,0
16.693,56,-29,42,4.00,67.88,209.3,1522,1478,0.46,-2.03,-117.05,2.3713,2.9343,7.1129,0
16.710,55,-29,42,3.93,67.88,209.3,1522,1478,0.46,-2.03,-117.05,2.3713,2.9343,7.1129,0
16.727,54,-29,42,3.86,67.88,209.3,1522,1478,0.46,-2.03,-117.05,2.3713,2.9343,7.1129,0
16.744,53,-29,42,3.79,67.88,209.3,1522,1477,0.46,-2.03,-117.05,2.3713,2.9343,7.1129,0
16.762,52,-29,42,3.71,67.88,209.3,1522,1477,0.46,-2.03,-117.05,2.3713,2.9343,7.1129,0
16.778,51,-28,43,3.56,66.30,208.9,1522,1478,0.46,-2.03,-117.05,2.3713,2.9343,7.1129,0
16.795,51,-28,43,3.56,66.30,208.9,1522,1478,0.00,-1.26,-116.84,2.3713,2.9343,7.1129,0
16.813,49,-28,43,3.42,66.30,208.9,1522,1478,0.00,-1.26,-116.84,2.3713,2.9343,7.1129,0
16.831,46,-28,43,3.21,66.30,208.9,1478,1478,0.00,-1.26,-116.84,2.3713,2.9343,7.1129,0
16.848,44,-28,43,3.07,66.30,208.9,1478,1478,0.00,-1.26,-116.84,1.6842,2.9867,6.8945,0
16.865,43,-28,43,3.00,66.30,208.9,1500,1478,0.00,-1.26,-116.84,1.6842,2.9867,6.8945,0
16.883,41,-27,44,2.80,64.79,208.6,1478,1478,0.00,-1.26,-116.84,1.6842,2.9867,6.8945,0
16.900,38,-27,44,2.59,64.79,208.6,1478,1478,0.00,-1.26,-116.84,1.6842,2.9867,6.8945,0
16.917,35,-27,44,2.39,64.79,208.6,1478,1478,0.00,-1.26,-116.84,1.6842,2.9867,6.8945,0
16.935,33,-27,44,2.25,64.79,208.6,1478,1478,0.00,-1.26,-116.84,1.6842,2.9867,6.8945,0
16.952,30,-26,45,2.00,63.35,208.2,1478,1478,0.00,-1.26,-116.84,1.6842,2.9867,6.8945,0
16.969,27,-26,45,1.80,63.35,208.2,1478,1478,0.00,-1.26,-116.84,1.6842,2.9867,6.8945,0
16.986,24,-26,45,1.60,63.35,208.2,1478,1478,0.00,-1.26,-116.84,1.6842,2.9867,6.8945,0
17.003,20,-26,45,1.33,63.35,208.2,1478,1478,0.00,-1.26,-116.84,1.6842,2.9867,6.8945,0
17.020,16,-26,45,1.07,63.35,208.2,1477,1478,0.00,-1.26,-116.84,1.6842,2.9867,6.8945,0
17.037,11,-26,45,0.73,63.35,208.2,1472,1478,-0.78,-0.57,-116.23,1.6842,2.9867,6.8945,0
17.054,7,-26,45,0.47,63.35,208.2,1472,1478,-0.78,-0.57,-116.23,1.6842,2.9867,6.8945,0
17.071,3,-25,46,0.20,61.98,207.9,1472,1478,-0.78,-0.57,-116.23,1.6842,2.9867,6.8945,0
17.088,-1,-25,46,-0.07,61.98,207.9,1472,1478,-0.78,-0.57,-116.23,1.6842,2.9867,6.8945,0
17.105,-5,-25,46,-0.33,61.98,207.9,1471,1478,-0.78,-0.57,-116.23,1.8372,3.2428,6.4090,0
17.122,-9,-24,47,-0.57,60.66,207.5,1470,1478,-0.78,-0.57,-116.23,1.8372,3.2428,6.4090,0
17.139,-12,-24,47,-0.77,60.66,207.5,1473,1478,-0.78,-0.57,-116.23,1.8372,3.2428,6.4090,0
17.155,-16,-24,47,-1.02,60.66,207.5,1470,1478,-0.78,-0.57,-116.23,1.8372,3.2428,6.4090,0
17.173,-20,-24,47,-1.28,60.66,207.5,1468,1478,-0.78,-0.57,-116.23,1.8372,3.2428,6.4090,0
17.189,-23,-24,47,-1.47,60.66,207.5,1471,1478,-0.78,-0.57,-116.23,1.8372,3.2428,6.4090,0
17.206,-26,-24,47,-1.66,60.66,207.5,1471,1478,-0.78,-0.57,-116.23,1.8372,3.2428,6.4090,0
17.223,-30,-23,48,-1.88,59.39,207.2,1467,1478,-0.78,-0.57,-116.23,1.8372,3.2428,6.4090,0
17.240,-33,-23,48,-2.06,59.39,207.2,1469,1478,-0.78,-0.57,-116.23,1.8372,3.2428,6.4090,0
17.257,-36,-23,48,-2.25,59.39,207.2,1469,1478,-0.78,-0.57,-116.23,1.8372,3.2428,6.4090,0
17.274,-39,-23,48,-2.44,59.39,207.2,1469,1478,-0.78,-0.57,-116.23,1.8372,3.2428,6.4090,0
17.291,-42,-22,49,-2.57,58.18,206.8,1469,1478,-1.69,-1.04,-115.84,1.8372,3.2428,6.4090,0
17.308,-45,-22,49,-2.76,58.18,206.8,1468,1478,-1.69,-1.04,-115.84,1.8372,3.2428,6.4090,0
17.325,-48,-22,49,-2.94,58.18,206.8,1467,1478,-1.69,-1.04,-115.84,1.8372,3.2428,6.4090,0
17.342,-51,-22,49,-3.12,58.18,206.8,1467,1478,-1.69,-1.04,-115.84,1.8372,3.2428,6.4090,0
17.359,-54,-21,50,-3.24,57.02,206.5,1466,1478,-1.69,-1.04,-115.84,3.4300,1.9324,6.7928,0
17.376,-57,-21,50,-3.42,57.02,206.5,1465,1478,-1.69,-1.04,-115.84,3.4300,1.9324,6.7928,0
17.393,-59,-21,50,-3.54,57.02,206.5,1468,1478,-1.69,-1.04,-115.84,3.4300,1.9324,6.7928,0
17.410,-62,-20,51,-3.65,55.90,206.1,1466,1478,-1.69,-1.04,-115.84,3.4300,1.9324,6.7928,0
17.427,-64,-20,51,-3.76,55.90,206.1,1468,1478,-1.69,-1.04,-115.84,3.4300,1.9324,6.7928,0
17.444,-67,-20,51,-3.94,55.90,206.1,1465,1478,-1.69,-1.04,-115.84,3.4300,1.9324,6.7928,0
17.461,-70,-20,51,-4.12,55.90,206.1,1463,1478,-1.69,-1.04,-115.84,3.4300,1.9324,6.7928,0
17.478,-72,-19,52,-4.15,54.83,205.8,1472,1478,-1.69,-1.04,-115.84,3.4300,1.9324,6.7928,1
17.495,-75,-18,53,-4.25,53.79,205.4,1471,1478,-1.69,-1.04,-115.84,3.4300,1.9324,6.7928,1
17.512,-77,-18,53,-4.36,53.79,205.4,1472,1478,-1.69,-1.04,-115.84,3.4300,1.9324,6.7928,1
17.530,-79,-18,53,-4.47,53.79,205.4,1472,1478,-1.69,-1.04,-115.84,3.4300,1.9324,6.7928,1
17.547,-81,-18,53,-4.58,53.79,205.4,1473,1478,-2.12,-1.12,-115.57,3.4300,1.9324,6.7928,1
17.566,-83,-17,54,-4.61,52.79,205.1,1473,1478,-2.12,-1.12,-115.57,3.4300,1.9324,6.7928,1
17.584,-85,-16,55,-4.64,51.83,204.8,1473,1478,-2.12,-1.12,-115.57,3.4300,1.9324,6.7928,1
17.601,-87,-16,55,-4.75,51.83,204.8,1472,1478,-2.12,-1.12,-115.57,3.4300,1.9324,6.7928,1
17.619,-89,-16,55,-4.85,51.83,204.8,1472,1478,-2.12,-1.12,-115.57,2.7054,1.8805,7.1105,1
17.636,-90,-15,56,-4.82,50.91,204.4,1475,1478,-2.12,-1.12,-115.57,2.7054,1.8805,7.1105,1
17.653,-91,-15,56,-4.88,50.91,204.4,1476,1478,-2.12,-1.12,-115.57,2.7054,1.8805,7.1105,1
17.670,-91,-14,57,-4.79,50.02,204.0,1478,1478,-2.12,-1.12,-115.57,2.7054,1.8805,7.1105,1
17.687,-91,-14,57,-4.79,50.02,204.0,1478,1478,-2.12,-1.12,-115.57,2.7054,1.8805,7.1105,1
17.704,-90,-14,57,-4.74,50.02,204.0,1478,1478,-2.12,-1.12,-115.57,2.7054,1.8805,7.1105,1
17.721,-90,-14,57,-4.74,50.02,204.0,1478,1478,-2.12,-1.12,-115.57,2.7054,1.8805,7.1105,1
17.738,-90,-14,57,-4.74,50.02,204.0,1478,1478,-2.12,-1.12,-115.57,2.7054,1.8805,7.1105,1
17.756,-89,-13,58,-4.60,49.15,203.7,1478,1478,-2.12,-1.12,-115.57,2.7054,1.8805,7.1105,1
17.773,-88,-12,59,-4.47,48.32,203.3,1478,1478,-2.12,-1.12,-115.57,2.7054,1.8805,7.1105,1
17.789,-87,-12,59,-4.42,48.32,203.3,1478,1478,-2.12,-1.12,-115.57,2.7054,1.8805,7.1105,1
17.807,-86,-11,60,-4.30,47.52,203.0,1478,1478,-1.46,0.23,-115.83,2.7054,1.8805,7.1105,1
17.824,-84,-11,60,-4.20,47.52,203.0,1478,1478,-1.46,0.23,-115.83,2.7054,1.8805,7.1105,1
17.840,-83,-10,61,-4.08,46.74,202.6,1478,1478,-1.46,0.23,-115.83,2.7054,1.8805,7.1105,1
17.857,-82,-10,61,-4.03,46.74,202.6,1478,1478,-1.46,0.23,-115.83,2.7315,1.8725,7.5747,1
17.874,-80,-9,62,-3.87,45.98,202.3,1478,1478,-1.46,0.23,-115.83,2.7315,1.8725,7.5747,1
17.892,-79,-9,62,-3.82,45.98,202.3,1478,1478,-1.46,0.23,-115.83,2.7315,1.8725,7.5747,1
17.909,-78,-8,63,-3.71,45.25,201.9,1478,1500,-1.46,0.23,-115.83,2.7315,1.8725,7.5747,1
17.926,-77,-8,63,-3.67,45.25,201.9,1478,1478,-1.46,0.23,-115.83,2.7315,1.8725,7.5747,1
17.943,-76,-7,64,-3.56,44.55,201.6,1478,1500,-1.46,0.23,-115.83,2.7315,1.8725,7.5747,1
17.960,-75,-7,64,-3.52,44.55,201.6,1478,1478,-1.46,0.23,-115.83,2.7315,1.8725,7.5747,1
17.977,-75,-6,65,-3.46,43.86,201.2,1478,1500,-1.46,0.23,-115.83,2.7315,1.8725,7.5747,1
17.994,-74,-6,65,-3.42,43.86,201.2,1478,1478,-1.46,0.23,-115.83,2.7315,1.8725,7.5747,1
18.011,-73,-6,65,-3.37,43.86,201.2,1478,1478,-1.46,0.23,-115.83,2.7315,1.8725,7.5747,1
18.028,-72,-5,66,-3.27,43.20,200.9,1478,1500,-1.46,0.23,-115.83,2.7315,1.8725,7.5747,1
18.045,-72,-5,66,-3.27,43.20,200.9,1478,1478,-0.46,0.95,-116.04,2.7315,1.8725,7.5747,1
18.062,-71,-4,67,-3.18,42.55,200.5,1478,1500,-0.46,0.95,-116.04,2.7315,1.8725,7.5747,1
18.080,-71,-4,67,-3.18,42.55,200.5,1478,1500,-0.46,0.95,-116.04,2.7315,1.8725,7.5747,1
18.097,-71,-4,67,-3.18,42.55,200.5,1478,1478,-0.46,0.95,-116.04,2.7315,1.8725,7.5747,1
18.115,-71,-3,68,-3.13,41.92,200.2,1478,1500,-0.46,0.95,-116.04,3.4122,2.3904,6.2196,1
18.132,-71,-3,68,-3.13,41.92,200.2,1478,1500,-0.46,0.95,-116.04,3.4122,2.3904,6.2196,1
18.149,-70,-3,68,-3.09,41.92,200.2,1478,1500,-0.46,0.95,-116.04,3.4122,2.3904,6.2196,1
18.166,-70,-3,68,-3.09,41.92,200.2,1478,1478,-0.46,0.95,-116.04,3.4122,2.3904,6.2196,1
18.184,-69,-3,68,-3.04,41.92,200.2,1478,1478,-0.46,0.95,-116.04,3.4122,2.3904,6.2196,1
18.201,-68,-3,68,-3.00,41.92,200.2,1478,1478,-0.46,0.95,-116.04,3.4122,2.3904,6.2196,1
18.218,-68,-3,68,-3.00,41.92,200.2,1478,1478,-0.46,0.95,-116.04,3.4122,2.3904,6.2196,1
18.235,-68,-3,68,-3.00,41.92,200.2,1478,1478,-0.46,0.95,-116.04,3.4122,2.3904,6.2196,1
18.252,-68,-3,68,-3.00,41.92,200.2,1478,1478,-0.46,0.95,-116.04,3.4122,2.3904,6.2196,1
18.269,-69,-4,67,-3.09,42.55,200.5,1478,1478,-0.46,0.95,-116.04,3.4122,2.3904,6.2196,1
18.286,-69,-3,68,-3.04,41.92,200.2,1478,1500,-0.46,0.95,-116.04,3.4122,2.3904,6.2196,1
18.302,-69,-3,68,-3.04,41.92,200.2,1478,1500,-0.46,0.74,-115.77,3.4122,2.3904,6.2196,1
18.319,-70,-3,68,-3.09,41.92,200.2,1478,1478,-0.46,0.74,-115.77,3.4122,2.3904,6.2196,1
18.336,-70,-3,68,-3.09,41.92,200.2,1478,1478,-0.46,0.74,-115.77,3.4122,2.3904,6.2196,1
18.353,-70,-3,68,-3.09,41.92,200.2,1478,1478,-0.46,0.74,-115.77,3.3917,2.0822,6.8976,1
18.370,-69,-3,68,-3.04,41.92,200.2,1478,1478,-0.46,0.74,-115.77,3.3917,2.0822,6.8976,1
18.387,-69,-3,68,-3.04,41.92,200.2,1478,1478,-0.46,0.74,-115.77,3.3917,2.0822,6.8976,1
18.404,-68,-3,68,-3.00,41.92,200.2,1478,1478,-0.46,0.74,-115.77,3.3917,2.0822,6.8976,1
18.421,-67,-3,68,-2.96,41.92,200.2,1478,1478,-0.46,0.74,-115.77,3.3917,2.0822,6.8976,1
18.438,-66,-3,68,-2.91,41.92,200.2,1478,1478,-0.46,0.74,-115.77,3.3917,2.0822,6.8976,1
18.455,-66,-3,68,-2.91,41.92,200.2,1478,1478,-0.46,0.74,-115.77,3.3917,2.0822,6.8976,1
18.472,-65,-3,68,-2.87,41.92,200.2,1478,1478,-0.46,0.74,-115.77,3.3917,2.0822,6.8976,1
18.489,-65,-3,68,-2.87,41.92,200.2,1478,1478,-0.46,0.74,-115.77,3.3917,2.0822,6.8976,1
18.506,-65,-3,68,-2.87,41.92,200.2,1478,1478,-0.46,0.74,-115.77,3.3917,2.0822,6.8976,1
18.523,-65,-3,68,-2.87,41.92,200.2,1478,1478,-0.46,0.74,-115.77,3.3917,2.0822,6.8976,1
18.540,-66,-3,68,-2.91,41.92,200.2,1478,1478,-0.55,0.11,-116.07,3.3917,2.0822,6.8976,1
18.557,-67,-3,68,-2.96,41.92,200.2,1478,1478,-0.55,0.11,-116.07,3.3917,2.0822,6.8976,1
18.574,-67,-3,68,-2.96,41.92,200.2,1478,1478,-0.55,0.11,-116.07,3.3917,2.0822,6.8976,1
18.591,-68,-3,68,-3.00,41.92,200.2,1478,1478,-0.55,0.11,-116.07,3.3917,2.0822,6.8976,1
18.608,-69,-3,68,-3.04,41.92,200.2,1478,1478,-0.55,0.11,-116.07,3.4593,2.2384,7.4056,1
18.625,-69,-3,68,-3.04,41.92,200.2,1478,1478,-0.55,0.11,-116.07,3.4593,2.2384,7.4056,1
18.642,-70,-4,67,-3.13,42.55,200.5,1478,1478,-0.55,0.11,-116.07,3.4593,2.2384,7.4056,1
18.659,-70,-4,67,-3.13,42.55,200.5,1478,1478,-0.55,0.11,-116.07,3.4593,2.2384,7.4056,1
18.676,-70,-4,67,-3.13,42.55,200.5,1478,1478,-0.55,0.11,-116.07,3.4593,2.2384,7.4056,1
18.693,-70,-4,67,-3.13,42.55,200.5,1478,1478,-0.55,0.11,-116.07,3.4593,2.2384,7.4056,1
18.710,-71,-4,67,-3.18,42.55,200.5,1478,1478,-0.55,0.11,-116.07,3.4593,2.2384,7.4056,1
18.727,-71,-4,67,-3.18,42.55,200.5,1478,1478,-0.55,0.11,-116.07,3.4593,2.2384,7.4056,1
18.744,-72,-4,67,-3.22,42.55,200.5,1478,1478,-0.55,0.11,-116.07,3.4593,2.2384,7.4056,1
18.761,-73,-4,67,-3.27,42.55,200.5,1478,1478,-0.55,0.11,-116.07,3.4593,2.2384,7.4056,1
18.779,-74,-5,66,-3.36,43.20,200.9,1478,1478,-0.55,0.11,-116.07,3.4593,2.2384,7.4056,1
18.797,-76,-5,66,-3.45,43.20,200.9,1478,1478,-0.79,0.17,-115.99,3.4593,2.2384,7.4056,1
18.814,-77,-5,66,-3.50,43.20,200.9,1478,1478,-0.79,0.17,-115.99,3.4593,2.2384,7.4056,1
18.831,-78,-5,66,-3.55,43.20,200.9,1478,1478,-0.79,0.17,-115.99,3.4593,2.2384,7.4056,1
18.849,-81,-5,66,-3.68,43.20,200.9,1473,1478,-0.79,0.17,-115.99,3.2268,2.2547,6.2781,1
18.866,-83,-5,66,-3.77,43.20,200.9,1473,1478,-0.79,0.17,-115.99,3.2268,2.2547,6.2781,1
18.883,-84,-6,65,-3.88,43.86,201.2,1476,1478,-0.79,0.17,-115.99,3.2268,2.2547,6.2781,1
18.900,-86,-6,65,-3.97,43.86,201.2,1474,1478,-0.79,0.17,-115.99,3.2268,2.2547,6.2781,1
18.917,-88,-6,65,-4.06,43.86,201.2,1472,1478,-0.79,0.17,-115.99,3.2268,2.2547,6.2781,1
18.934,-90,-6,65,-4.15,43.86,201.2,1472,1478,-0.79,0.17,-115.99,3.2268,2.2547,6.2781,1
18.951,-92,-6,65,-4.25,43.86,201.2,1472,1478,-0.79,0.17,-115.99,3.2268,2.2547,6.2781,1
18.968,-94,-6,65,-4.34,43.86,201.2,1471,1478,-0.79,0.17,-115.99,3.2268,2.2547,6.2781,1
18.985,-96,-7,64,-4.50,44.55,201.6,1470,1478,-0.79,0.17,-115.99,3.2268,2.2547,6.2781,1
19.002,-98,-6,65,-4.52,43.86,201.2,1470,1478,-0.79,0.17,-115.99,3.2268,2.2547,6.2781,1
19.019,-100,-7,64,-4.69,44.55,201.6,1469,1478,-0.79,0.17,-115.99,3.2268,2.2547,6.2781,1
19.036,-102,-6,65,-4.71,43.86,201.2,1469,1478,-0.79,0.17,-115.99,3.2268,2.2547,6.2781,1
19.053,-104,-7,64,-4.88,44.55,201.6,1468,1478,-0.70,-0.24,-115.35,3.2268,2.2547,6.2781,1
19.070,-105,-7,64,-4.92,44.55,201.6,1472,1478,-0.70,-0.24,-115.35,3.2268,2.2547,6.2781,1
19.087,-107,-7,64,-5.02,44.55,201.6,1469,1478,-0.70,-0.24,-115.35,3.2268,2.2547,6.2781,1
19.104,-109,-8,63,-5.19,45.25,201.9,1468,1478,-0.70,-0.24,-115.35,3.3391,2.0397,6.6808,1
19.121,-111,-8,63,-5.29,45.25,201.9,1468,1478,-0.70,-0.24,-115.35,3.3391,2.0397,6.6808,1
19.138,-113,-8,63,-5.38,45.25,201.9,1467,1478,-0.70,-0.24,-115.35,3.3391,2.0397,6.6808,1
19.155,-115,-9,62,-5.56,45.98,202.3,1467,1478,-0.70,-0.24,-115.35,3.3391,2.0397,6.6808,1
19.172,-117,-9,62,-5.66,45.98,202.3,1466,1478,-0.70,-0.24,-115.35,3.3391,2.0397,6.6808,1
19.189,-119,-9,62,-5.76,45.98,202.3,1466,1478,-0.70,-0.24,-115.35,3.3391,2.0397,6.6808,1
19.206,-122,-9,62,-5.90,45.98,202.3,1462,1478,-0.70,-0.24,-115.35,3.3391,2.0397,6.6808,1
19.223,-124,-10,61,-6.10,46.74,202.6,1463,1478,-0.70,-0.24,-115.35,3.3391,2.0397,6.6808,1
19.239,-126,-10,61,-6.20,46.74,202.6,1464,1478,-0.70,-0.24,-115.35,3.3391,2.0397,6.6808,1
19.256,-128,-10,61,-6.30,46.74,202.6,1464,1478,-0.70,-0.24,-115.35,3.3391,2.0397,6.6808,1
19.273,-130,-10,61,-6.39,46.74,202.6,1464,1478,-0.70,-0.24,-115.35,3.3391,2.0397,6.6808,1
19.290,-131,-11,60,-6.55,47.52,203.0,1466,1478,-1.53,-0.86,-114.89,3.3391,2.0397,6.6808,1
19.307,-132,-11,60,-6.60,47.52,203.0,1468,1478,-1.53,-0.86,-114.89,3.3391,2.0397,6.6808,1
19.324,-132,-11,60,-6.60,47.52,203.0,1471,1478,-1.53,-0.86,-114.89,3.3391,2.0397,6.6808,1
19.342,-133,-11,60,-6.65,47.52,203.0,1472,1478,-1.53,-0.86,-114.89,3.3391,2.0397,6.6808,1
19.359,-134,-12,59,-6.81,48.32,203.3,1468,1478,-1.53,-0.86,-114.89,3.0085,1.7013,6.6101,1
19.376,-135,-12,59,-6.86,48.32,203.3,1468,1478,-1.53,-0.86,-114.89,3.0085,1.7013,6.6101,1
19.393,-135,-12,59,-6.86,48.32,203.3,1471,1478,-1.53,-0.86,-114.89,3.0085,1.7013,6.6101,1
19.410,-135,-12,59,-6.86,48.32,203.3,1472,1478,-1.53,-0.86,-114.89,3.0085,1.7013,6.6101,1
19.431,-134,-13,58,-6.93,49.15,203.7,1473,1478,-1.53,-0.86,-114.89,3.0085,1.7013,6.6101,1
19.448,-133,-13,58,-6.88,49.15,203.7,1478,1478,-1.53,-0.86,-114.89,3.0085,1.7013,6.6101,1
19.465,-132,-14,57,-6.95,50.02,204.0,1478,1478,-1.53,-0.86,-114.89,3.0085,1.7013,6.6101,1
19.482,-131,-14,57,-6.89,50.02,204.0,1478,1478,-1.53,-0.86,-114.89,3.0085,1.7013,6.6101,1
19.499,-130,-14,57,-6.84,50.02,204.0,1478,1478,-1.53,-0.86,-114.89,3.0085,1.7013,6.6101,1
19.516,-129,-15,56,-6.91,50.91,204.4,1478,1478,-1.53,-0.86,-114.89,3.0085,1.7013,6.6101,1
19.533,-128,-15,56,-6.86,50.91,204.4,1478,1478,-1.53,-0.86,-114.89,3.0085,1.7013,6.6101,1
19.550,-127,-15,56,-6.80,50.91,204.4,1478,1478,-2.07,-1.41,-115.33,3.0085,1.7013,6.6101,1
19.567,-126,-15,56,-6.75,50.91,204.4,1478,1478,-2.07,-1.41,-115.33,3.0085,1.7013,6.6101,1
19.584,-126,-15,56,-6.75,50.91,204.4,1478,1478,-2.07,-1.41,-115.33,3.0085,1.7013,6.6101,1
19.601,-124,-15,56,-6.64,50.91,204.4,1478,1478,-2.07,-1.41,-115.33,2.8378,1.6623,7.7369,1
19.618,-123,-16,55,-6.71,51.83,204.8,1478,1478,-2.07,-1.41,-115.33,2.8378,1.6623,7.7369,1
19.635,-122,-16,55,-6.65,51.83,204.8,1478,1478,-2.07,-1.41,-115.33,2.8378,1.6623,7.7369,1
19.652,-121,-16,55,-6.60,51.83,204.8,1478,1478,-2.07,-1.41,-115.33,2.8378,1.6623,7.7369,1
19.669,-119,-16,55,-6.49,51.83,204.8,1478,1478,-2.07,-1.41,-115.33,2.8378,1.6623,7.7369,1
19.686,-118,-17,54,-6.56,52.79,205.1,1478,1478,-2.07,-1.41,-115.33,2.8378,1.6623,7.7369,1
19.703,-116,-17,54,-6.44,52.79,205.1,1478,1478,-2.07,-1.41,-115.33,2.8378,1.6623,7.7369,1
19.720,-114,-17,54,-6.33,52.79,205.1,1478,1478,-2.07,-1.41,-115.33,2.8378,1.6623,7.7369,1
19.737,-112,-17,54,-6.22,52.79,205.1,1478,1478,-2.07,-1.41,-115.33,2.8378,1.6623,7.7369,1
19.754,-111,-17,54,-6.17,52.79,205.1,1478,1478,-2.07,-1.41,-115.33,2.8378,1.6623,7.7369,1
19.771,-109,-18,53,-6.17,53.79,205.4,1478,1478,-2.07,-1.41,-115.33,2.8378,1.6623,7.7369,1
19.788,-108,-18,53,-6.11,53.79,205.4,1478,1478,-1.57,-1.86,-115.33,2.8378,1.6623,7.7369,1
19.805,-106,-18,53,-6.00,53.79,205.4,1478,1478,-1.57,-1.86,-115.33,2.8378,1.6623,7.7369,1
19.822,-105,-18,53,-5.94,53.79,205.4,1478,1478,-1.57,-1.86,-115.33,2.8378,1.6623,7.7369,1
19.838,-103,-18,53,-5.83,53.79,205.4,1478,1478,-1.57,-1.86,-115.33,2.8378,1.6623,7.7369,1
19.855,-102,-18,53,-5.77,53.79,205.4,1478,1478,-1.57,-1.86,-115.33,3.0392,1.7582,7.2204,1
19.872,-100,-19,52,-5.77,54.83,205.8,1478,1478,-1.57,-1.86,-115.33,3.0392,1.7582,7.2204,1
19.889,-99,-19,52,-5.71,54.83,205.8,1478,1478,-1.57,-1.86,-115.33,3.0392,1.7582,7.2204,1
19.906,-97,-19,52,-5.60,54.83,205.8,1478,1478,-1.57,-1.86,-115.33,3.0392,1.7582,7.2204,1
19.923,-95,-19,52,-5.48,54.83,205.8,1478,1478,-1.57,-1.86,-115.33,3.0392,1.7582,7.2204,1
19.940,-93,-19,52,-5.37,54.83,205.8,1478,1478,-1.57,-1.86,-115.33,3.0392,1.7582,7.2204,1
19.957,-90,-19,52,-5.19,54.83,205.8,1478,1478,-1.57,-1.86,-115.33,3.0392,1.7582,7.2204,1
19.974,-88,-19,52,-5.08,54.83,205.8,1478,1478,-1.57,-1.86,-115.33,3.0392,1.7582,7.2204,1
19.991,-87,-19,52,-5.02,54.83,205.8,1478,1478,-1.57,-1.86,-115.33,3.0392,1.7582,7.2204,1
20.008,-84,-19,52,-4.85,54.83,205.8,1478,1478,-1.57,-1.86,-115.33,3.0392,1.7582,7.2204,1
20.025,-83,-20,51,-4.88,55.90,206.1,1478,1478,-1.57,-1.86,-115.33,3.0392,1.7582,7.2204,0
20.042,-82,-20,51,-4.82,55.90,206.1,1478,1478,-0.75,-2.42,-115.09,3.0392,1.7582,7.2204,0
20.059,-81,-20,51,-4.76,55.90,206.1,1478,1478,-0.75,-2.42,-115.09,3.0392,1.7582,7.2204,0
20.077,-80,-20,51,-4.71,55.90,206.1,1478,1478,-0.75,-2.42,-115.09,3.0392,1.7582,7.2204,0
20.096,-78,-20,51,-4.59,55.90,206.1,1478,1478,-0.75,-2.42,-115.09,3.0392,1.7582,7.2204,0
20.113,-77,-20,51,-4.53,55.90,206.1,1478,1478,-0.75,-2.42,-115.09,3.1876,1.6016,8.5013,0
20.130,-75,-20,51,-4.41,55.90,206.1,1478,1478,-0.75,-2.42,-115.09,3.1876,1.6016,8.5013,0
20.147,-73,-20,51,-4.29,55.90,206.1,1478,1478,-0.75,-2.42,-115.09,3.1876,1.6016,8.5013,0
20.164,-72,-20,51,-4.24,55.90,206.1,1478,1478,-0.75,-2.42,-115.09,3.1876,1.6016,8.5013,0
20.181,-71,-20,51,-4.18,55.90,206.1,1478,1478,-0.75,-2.42,-115.09,3.1876,1.6016,8.5013,0
20.198,-70,-20,51,-4.12,55.90,206.1,1478,1478,-0.75,-2.42,-115.09,3.1876,1.6016,8.5013,0
20.215,-69,-20,51,-4.06,55.90,206.1,1478,1478,-0.75,-2.42,-115.09,3.1876,1.6016,8.5013,0
20.232,-67,-21,50,-4.02,57.02,206.5,1478,1478,-0.75,-2.42,-115.09,3.1876,1.6016,8.5013,0
20.249,-66,-21,50,-3.96,57.02,206.5,1478,1478,-0.75,-2.42,-115.09,3.1876,1.6016,8.5013,0
20.266,-64,-21,50,-3.84,57.02,206.5,1478,1478,-0.75,-2.42,-115.09,3.1876,1.6016,8.5013,0
20.283,-63,-21,50,-3.78,57.02,206.5,1478,1478,-0.75,-2.42,-115.09,3.1876,1.6016,8.5013,0
20.300,-62,-21,50,-3.72,57.02,206.5,1478,1478,-0.53,-1.97,-114.95,3.1876,1.6016,8.5013,0
20.317,-62,-21,50,-3.72,57.02,206.5,1478,1478,-0.53,-1.97,-114.95,3.1876,1.6016,8.5013,0
20.335,-62,-21,50,-3.72,57.02,206.5,1478,1478,-0.53,-1.97,-114.95,3.1876,1.6016,8.5013,0
20.352,-59,-21,50,-3.54,57.02,206.5,1478,1478,-0.53,-1.97,-114.95,3.0594,1.6613,7.3393,0
20.369,-58,-21,50,-3.48,57.02,206.5,1478,1478,-0.53,-1.97,-114.95,3.0594,1.6613,7.3393,0
20.386,-56,-21,50,-3.36,57.02,206.5,1478,1478,-0.53,-1.97,-114.95,3.0594,1.6613,7.3393,0
20.403,-55,-21,50,-3.30,57.02,206.5,1478,1478,-0.53,-1.97,-114.95,3.0594,1.6613,7.3393,0
20.419,-53,-21,50,-3.18,57.02,206.5,1478,1478,-0.53,-1.97,-114.95,3.0594,1.6613,7.3393,0
20.436,-52,-20,51,-3.06,55.90,206.1,1478,1478,-0.53,-1.97,-114.95,3.0594,1.6613,7.3393,0
20.453,-51,-20,51,-3.00,55.90,206.1,1478,1478,-0.53,-1.97,-114.95,3.0594,1.6613,7.3393,0
20.470,-50,-20,51,-2.94,55.90,206.1,1478,1478,-0.53,-1.97,-114.95,3.0594,1.6613,7.3393,0
20.487,-49,-20,51,-2.88,55.90,206.1,1478,1478,-0.53,-1.97,-114.95,3.0594,1.6613,7.3393,0
20.504,-48,-20,51,-2.82,55.90,206.1,1478,1478,-0.53,-1.97,-114.95,3.0594,1.6613,7.3393,0
20.521,-47,-20,51,-2.76,55.90,206.1,1478,1478,-0.53,-1.97,-114.95,3.0594,1.6613,7.3393,0
20.538,-46,-20,51,-2.71,55.90,206.1,1478,1478,-1.36,-1.60,-115.73,3.0594,1.6613,7.3393,0
20.555,-45,-20,51,-2.65,55.90,206.1,1478,1478,-1.36,-1.60,-115.73,3.0594,1.6613,7.3393,0
20.572,-44,-20,51,-2.59,55.90,206.1,1478,1478,-1.36,-1.60,-115.73,3.0594,1.6613,7.3393,0
20.589,-42,-20,51,-2.47,55.90,206.1,1500,1478,-1.36,-1.60,-115.73,3.0594,1.6613,7.3393,0
20.606,-41,-20,51,-2.41,55.90,206.1,1478,1478,-1.36,-1.60,-115.73,3.0572,2.0374,6.5682,0
20.623,-40,-19,52,-2.31,54.83,205.8,1478,1478,-1.36,-1.60,-115.73,3.0572,2.0374,6.5682,1
20.640,-38,-19,52,-2.19,54.83,205.8,1500,1478,-1.36,-1.60,-115.73,3.0572,2.0374,6.5682,1
20.657,-37,-19,52,-2.13,54.83,205.8,1500,1478,-1.36,-1.60,-115.73,3.0572,2.0374,6.5682,1
20.674,-36,-19,52,-2.08,54.83,205.8,1500,1478,-1.36,-1.60,-115.73,3.0572,2.0374,6.5682,1
20.691,-35,-19,52,-2.02,54.83,205.8,1500,1478,-1.36,-1.60,-115.73,3.0572,2.0374,6.5682,1
20.708,-33,-19,52,-1.90,54.83,205.8,1522,1478,-1.36,-1.60,-115.73,3.0572,2.0374,6.5682,1
20.725,-32,-19,52,-1.85,54.83,205.8,1500,1478,-1.36,-1.60,-115.73,3.0572,2.0374,6.5682,1
20.742,-30,-19,52,-1.73,54.83,205.8,1522,1478,-1.36,-1.60,-115.73,3.0572,2.0374,6.5682,1
20.759,-29,-18,53,-1.64,53.79,205.4,1500,1478,-1.36,-1.60,-115.73,3.0572,2.0374,6.5682,1
20.777,-27,-18,53,-1.53,53.79,205.4,1522,1478,-1.36,-1.60,-115.73,3.0572,2.0374,6.5682,1
20.794,-26,-18,53,-1.47,53.79,205.4,1522,1478,-2.63,-1.00,-116.55,3.0572,2.0374,6.5682,1
20.812,-24,-18,53,-1.36,53.79,205.4,1522,1478,-2.63,-1.00,-116.55,3.0572,2.0374,6.5682,1
20.829,-23,-19,52,-1.33,54.83,205.8,1522,1478,-2.63,-1.00,-116.55,3.0572,2.0374,6.5682,1
20.846,-20,-18,53,-1.13,53.79,205.4,1522,1478,-2.63,-1.00,-116.55,3.0572,2.0374,6.5682,1
20.863,-19,-18,53,-1.08,53.79,205.4,1522,1478,-2.63,-1.00,-116.55,3.2944,2.7571,6.7955,1
20.880,-17,-18,53,-0.96,53.79,205.4,1522,1478,-2.63,-1.00,-116.55,3.2944,2.7571,6.7955,1
20.897,-14,-18,53,-0.79,53.79,205.4,1522,1478,-2.63,-1.00,-116.55,3.2944,2.7571,6.7955,1
20.914,-12,-18,53,-0.68,53.79,205.4,1522,1478,-2.63,-1.00,-116.55,3.2944,2.7571,6.7955,1
20.931,-9,-19,52,-0.52,54.83,205.8,1522,1478,-2.63,-1.00,-116.55,3.2944,2.7571,6.7955,1
20.948,-7,-18,53,-0.40,53.79,205.4,1522,1478,-2.63,-1.00,-116.55,3.2944,2.7571,6.7955,1
20.965,-4,-18,53,-0.23,53.79,205.4,1522,1478,-2.63,-1.00,-116.55,3.2944,2.7571,6.7955,1
20.982,-1,-19,52,-0.06,54.83,205.8,1522,1478,-2.63,-1.00,-116.55,3.2944,2.7571,6.7955,1
20.999,1,-19,52,0.06,54.83,205.8,1522,1478,-2.63,-1.00,-116.55,3.2944,2.7571,6.7955,1
21.016,4,-19,52,0.23,54.83,205.8,1522,1478,-2.63,-1.00,-116.55,3.2944,2.7571,6.7955,1
21.033,7,-19,52,0.40,54.83,205.8,1522,1478,-2.63,-1.00,-116.55,3.2944,2.7571,6.7955,1
21.050,10,-19,52,0.58,54.83,205.8,1522,1478,-2.59,-1.12,-116.58,3.2944,2.7571,6.7955,1
21.067,14,-19,52,0.81,54.83,205.8,1522,1478,-2.59,-1.12,-116.58,3.2944,2.7571,6.7955,1
21.084,18,-19,52,1.04,54.83,205.8,1524,1478,-2.59,-1.12,-116.58,3.2944,2.7571,6.7955,1
21.101,22,-19,52,1.27,54.83,205.8,1525,1478,-2.59,-1.12,-116.58,3.1545,2.8530,7.0237,1
21.118,27,-19,52,1.56,54.83,205.8,1530,1478,-2.59,-1.12,-116.58,3.1545,2.8530,7.0237,1
21.135,31,-19,52,1.79,54.83,205.8,1529,1478,-2.59,-1.12,-116.58,3.1545,2.8530,7.0237,1
21.152,35,-19,52,2.02,54.83,205.8,1529,1478,-2.59,-1.12,-116.58,3.1545,2.8530,7.0237,1
21.169,40,-20,51,2.35,55.90,206.1,1542,1478,-2.59,-1.12,-116.58,3.1545,2.8530,7.0237,0
21.186,44,-20,51,2.59,55.90,206.1,1541,1478,-2.59,-1.12,-116.58,3.1545,2.8530,7.0237,0
21.203,48,-20,51,2.82,55.90,206.1,1541,1478,-2.59,-1.12,-116.58,3.1545,2.8530,7.0237,0
21.220,51,-20,51,3.00,55.90,206.1,1537,1478,-2.59,-1.12,-116.58,3.1545,2.8530,7.0237,0
21.236,53,-20,51,3.12,55.90,206.1,1532,1478,-2.59,-1.12,-116.58,3.1545,2.8530,7.0237,0
21.253,56,-20,51,3.29,55.90,206.1,1534,1478,-2.59,-1.12,-116.58,3.1545,2.8530,7.0237,0
21.270,59,-20,51,3.47,55.90,206.1,1535,1478,-2.59,-1.12,-116.58,3.1545,2.8530,7.0237,0
21.287,62,-20,51,3.65,55.90,206.1,1536,1478,-2.59,-1.12,-116.58,3.1545,2.8530,7.0237,0
21.304,64,-20,51,3.76,55.90,206.1,1533,1478,-1.19,-1.98,-115.97,3.1545,2.8530,7.0237,0
21.321,68,-20,51,4.00,55.90,206.1,1539,1478,-1.19,-1.98,-115.97,3.1545,2.8530,7.0237,0
21.338,71,-21,50,4.26,57.02,206.5,1539,1478,-1.19,-1.98,-115.97,3.1545,2.8530,7.0237,0
21.355,74,-21,50,4.44,57.02,206.5,1540,1478,-1.19,-1.98,-115.97,3.0712,2.6244,6.3193,0
21.372,79,-21,50,4.74,57.02,206.5,1548,1478,-1.19,-1.98,-115.97,3.0712,2.6244,6.3193,0
21.389,83,-21,50,4.98,57.02,206.5,1549,1478,-1.19,-1.98,-115.97,3.0712,2.6244,6.3193,0
21.406,87,-21,50,5.22,57.02,206.5,1550,1478,-1.19,-1.98,-115.97,3.0712,2.6244,6.3193,0
21.423,91,-21,50,5.46,57.02,206.5,1551,1478,-1.19,-1.98,-115.97,3.0712,2.6244,6.3193,0
21.440,96,-21,50,5.76,57.02,206.5,1555,1478,-1.19,-1.98,-115.97,3.0712,2.6244,6.3193,0
21.457,100,-21,50,6.00,57.02,206.5,1554,1478,-1.19,-1.98,-115.97,3.0712,2.6244,6.3193,0
21.474,103,-21,50,6.18,57.02,206.5,1551,1478,-1.19,-1.98,-115.97,3.0712,2.6244,6.3193,0
21.492,107,-21,50,6.42,57.02,206.5,1553,1478,-1.19,-1.98,-115.97,3.0712,2.6244,6.3193,0
21.509,110,-21,50,6.60,57.02,206.5,1551,1478,-1.19,-1.98,-115.97,3.0712,2.6244,6.3193,0
21.526,113,-21,50,6.78,57.02,206.5,1550,1478,-1.19,-1.98,-115.97,3.0712,2.6244,6.3193,0
21.544,116,-21,50,6.96,57.02,206.5,1550,1478,-0.03,-2.80,-115.44,3.0712,2.6244,6.3193,0
21.561,119,-21,50,7.14,57.02,206.5,1551,1478,-0.03,-2.80,-115.44,3.0712,2.6244,6.3193,0
21.578,123,-21,50,7.38,57.02,206.5,1555,1478,-0.03,-2.80,-115.44,3.0712,2.6244,6.3193,0
21.595,127,-21,50,7.62,57.02,206.5,1558,1478,-0.03,-2.80,-115.44,3.0712,2.6244,6.3193,0
21.612,133,-21,50,7.98,57.02,206.5,1567,1478,-0.03,-2.80,-115.44,3.4435,1.9477,7.6985,0
21.629,137,-21,50,8.22,57.02,206.5,1550,1478,-0.03,-2.80,-115.44,3.4435,1.9477,7.6985,0
21.646,140,-21,50,8.40,57.02,206.5,1568,1478,-0.03,-2.80,-115.44,3.4435,1.9477,7.6985,0
21.663,143,-22,49,8.76,58.18,206.8,1562,1478,-0.03,-2.80,-115.44,3.4435,1.9477,7.6985,0
21.680,147,-21,50,8.82,57.02,206.5,1564,1478,-0.03,-2.80,-115.44,3.4435,1.9477,7.6985,0
21.697,150,-21,50,9.00,57.02,206.5,1562,1478,-0.03,-2.80,-115.44,3.4435,1.9477,7.6985,0
21.714,154,-21,50,9.24,57.02,206.5,1564,1478,-0.03,-2.80,-115.44,3.4435,1.9477,7.6985,0
21.731,158,-21,50,9.48,57.02,206.5,1566,1478,-0.03,-2.80,-115.44,3.4435,1.9477,7.6985,0
21.748,162,-21,50,9.72,57.02,206.5,1568,1478,-0.03,-2.80,-115.44,3.4435,1.9477,7.6985,0
21.765,165,-21,50,9.90,57.02,206.5,1565,1478,-0.03,-2.80,-115.44,3.4435,1.9477,7.6985,0
21.782,169,-21,50,10.14,57.02,206.5,1568,1478,-0.03,-2.80,-115.44,3.4435,1.9477,7.6985,0
21.799,172,-21,50,10.32,57.02,206.5,1566,1478,-0.28,-2.40,-115.25,3.4435,1.9477,7.6985,0
21.816,176,-21,50,10.56,57.02,206.5,1570,1478,-0.28,-2.40,-115.25,3.4435,1.9477,7.6985,0
21.833,179,-21,50,10.74,57.02,206.5,1568,1478,-0.28,-2.40,-115.25,3.4435,1.9477,7.6985,0
21.850,183,-21,50,10.98,57.02,206.5,1571,1478,-0.28,-2.40,-115.25,2.1940,2.2637,5.2237,0
21.867,186,-20,51,10.94,55.90,206.1,1570,1478,-0.28,-2.40,-115.25,2.1940,2.2637,5.2237,0
21.884,189,-21,50,11.34,57.02,206.5,1569,1478,-0.28,-2.40,-115.25,2.1940,2.2637,5.2237,0
21.901,192,-20,51,11.29,55.90,206.1,1569,1478,-0.28,-2.40,-115.25,2.1940,2.2637,5.2237,0
21.918,195,-20,51,11.47,55.90,206.1,1570,1478,-0.28,-2.40,-115.25,2.1940,2.2637,5.2237,0
21.935,198,-20,51,11.65,55.90,206.1,1570,1478,-0.28,-2.40,-115.25,2.1940,2.2637,5.2237,0
21.952,201,-20,51,11.82,55.90,206.1,1571,1478,-0.28,-2.40,-115.25,2.1940,2.2637,5.2237,0
21.969,204,-20,51,12.00,55.90,206.1,1572,1478,-0.28,-2.40,-115.25,2.1940,2.2637,5.2237,0
21.986,207,-20,51,12.18,55.90,206.1,1573,1478,-0.28,-2.40,-115.25,2.1940,2.2637,5.2237,0
22.003,210,-20,51,12.35,55.90,206.1,1573,1478,-0.28,-2.40,-115.25,2.1940,2.2637,5.2237,0
22.020,213,-20,51,12.53,55.90,206.1,1574,1478,-0.28,-2.40,-115.25,2.1940,2.2637,5.2237,0
22.037,217,-20,51,12.76,55.90,206.1,1579,1478,0.50,-2.25,-114.72,2.1940,2.2637,5.2237,0
22.054,220,-20,51,12.94,55.90,206.1,1578,1478,0.50,-2.25,-114.72,2.1940,2.2637,5.2237,0
22.071,223,-20,51,13.12,55.90,206.1,1577,1478,0.50,-2.25,-114.72,2.1940,2.2637,5.2237,0
22.088,226,-20,51,13.29,55.90,206.1,1578,1478,0.50,-2.25,-114.72,2.1940,2.2637,5.2237,0
22.105,229,-20,51,13.47,55.90,206.1,1578,1478,0.50,-2.25,-114.72,4.1677,1.2569,7.2929,0
22.122,232,-19,52,13.38,54.83,205.8,1579,1478,0.50,-2.25,-114.72,4.1677,1.2569,7.2929,0
22.139,235,-19,52,13.56,54.83,205.8,1580,1478,0.50,-2.25,-114.72,4.1677,1.2569,7.2929,0
22.156,238,-19,52,13.73,54.83,205.8,1580,1478,0.50,-2.25,-114.72,4.1677,1.2569,7.2929,0
22.173,241,-19,52,13.90,54.83,205.8,1581,1478,0.50,-2.25,-114.72,4.1677,1.2569,7.2929,0
22.190,244,-19,52,14.08,54.83,205.8,1582,1478,0.50,-2.25,-114.72,4.1677,1.2569,7.2929,0
22.207,247,-18,53,13.98,53.79,205.4,1583,1478,0.50,-2.25,-114.72,4.1677,1.2569,7.2929,0
22.224,250,-18,53,14.15,53.79,205.4,1583,1478,0.50,-2.25,-114.72,4.1677,1.2569,7.2929,0
22.241,252,-18,53,14.26,53.79,205.4,1580,1478,0.50,-2.25,-114.72,4.1677,1.2569,7.2929,0
22.259,254,-18,53,14.38,53.79,205.4,1579,1478,0.50,-2.25,-114.72,4.1677,1.2569,7.2929,0
22.276,256,-18,53,14.49,53.79,205.4,1578,1478,0.50,-2.25,-114.72,4.1677,1.2569,7.2929,0
22.293,258,-17,54,14.33,52.79,205.1,1578,1478,1.81,-2.54,-114.60,4.1677,1.2569,7.2929,0
22.312,262,-17,54,14.56,52.79,205.1,1585,1478,1.81,-2.54,-114.60,4.1677,1.2569,7.2929,0
22.329,264,-17,54,14.67,52.79,205.1,1583,1478,1.81,-2.54,-114.60,4.1677,1.2569,7.2929,0
22.346,266,-17,54,14.78,52.79,205.1,1582,1478,1.81,-2.54,-114.60,3.2596,2.0634,6.9566,0
22.363,268,-16,55,14.62,51.83,204.8,1581,1478,1.81,-2.54,-114.60,3.2596,2.0634,6.9566,0
22.380,270,-16,55,14.73,51.83,204.8,1582,1478,1.81,-2.54,-114.60,3.2596,2.0634,6.9566,0
22.397,271,-16,55,14.78,51.83,204.8,1578,1478,1.81,-2.54,-114.60,3.2596,2.0634,6.9566,0
22.414,273,-15,56,14.62,50.91,204.4,1580,1478,1.81,-2.54,-114.60,3.2596,2.0634,6.9566,0
22.431,275,-15,56,14.73,50.91,204.4,1582,1478,1.81,-2.54,-114.60,3.2596,2.0634,6.9566,0
22.448,276,-15,56,14.79,50.91,204.4,1579,1478,1.81,-2.54,-114.60,3.2596,2.0634,6.9566,0
22.465,277,-14,57,14.58,50.02,204.0,1577,1478,1.81,-2.54,-114.60,3.2596,2.0634,6.9566,0
22.482,278,-14,57,14.63,50.02,204.0,1577,1478,1.81,-2.54,-114.60,3.2596,2.0634,6.9566,0
22.499,279,-14,57,14.68,50.02,204.0,1577,1478,1.81,-2.54,-114.60,3.2596,2.0634,6.9566,0
22.516,280,-13,58,14.48,49.15,203.7,1577,1478,1.81,-2.54,-114.60,3.2596,2.0634,6.9566,0
22.533,280,-13,58,14.48,49.15,203.7,1573,1478,1.92,-1.78,-115.33,3.2596,2.0634,6.9566,0
22.550,281,-13,58,14.53,49.15,203.7,1575,1478,1.92,-1.78,-115.33,3.2596,2.0634,6.9566,0
22.567,281,-12,59,14.29,48.32,203.3,1573,1478,1.92,-1.78,-115.33,3.2596,2.0634,6.9566,0
22.584,281,-12,59,14.29,48.32,203.3,1571,1478,1.92,-1.78,-115.33,3.2596,2.0634,6.9566,0
22.601,281,-11,60,14.05,47.52,203.0,1571,1478,1.92,-1.78,-115.33,3.3442,2.2526,4.6930,0
22.618,280,-11,60,14.00,47.52,203.0,1566,1478,1.92,-1.78,-115.33,3.3442,2.2526,4.6930,0
22.635,279,-11,60,13.95,47.52,203.0,1564,1478,1.92,-1.78,-115.33,3.3442,2.2526,4.6930,0
22.652,278,-10,61,13.67,46.74,202.6,1563,1478,1.92,-1.78,-115.33,3.3442,2.2526,4.6930,0
22.669,276,-10,61,13.57,46.74,202.6,1558,1478,1.92,-1.78,-115.33,3.3442,2.2526,4.6930,0
22.686,273,-10,61,13.43,46.74,202.6,1552,1478,1.92,-1.78,-115.33,3.3442,2.2526,4.6930,0
22.703,270,-9,62,13.06,45.98,202.3,1549,1478,1.92,-1.78,-115.33,3.3442,2.2526,4.6930,0
22.720,267,-9,62,12.92,45.98,202.3,1547,1478,1.92,-1.78,-115.33,3.3442,2.2526,4.6930,0
22.737,263,-8,63,12.52,45.25,201.9,1541,1478,1.92,-1.78,-115.33,3.3442,2.2526,4.6930,0
22.754,259,-8,63,12.33,45.25,201.9,1538,1478,1.92,-1.78,-115.33,3.3442,2.2526,4.6930,0
22.771,252,-9,62,12.19,45.98,202.3,1525,1478,1.92,-1.78,-115.33,3.3442,2.2526,4.6930,0
22.788,247,-8,63,11.76,45.25,201.9,1525,1478,0.33,-1.06,-115.98,3.3442,2.2526,4.6930,0
22.805,242,-8,63,11.52,45.25,201.9,1524,1478,0.33,-1.06,-115.98,3.3442,2.2526,4.6930,0
22.822,236,-7,64,11.06,44.55,201.6,1522,1478,0.33,-1.06,-115.98,3.3442,2.2526,4.6930,0
22.839,230,-7,64,10.78,44.55,201.6,1522,1478,0.33,-1.06,-115.98,3.3442,2.2526,4.6930,0
22.856,224,-7,64,10.50,44.55,201.6,1522,1478,0.33,-1.06,-115.98,1.9090,3.4585,6.5853,0
22.873,217,-6,65,10.02,43.86,201.2,1522,1500,0.33,-1.06,-115.98,1.9090,3.4585,6.5853,0
22.892,210,-6,65,9.69,43.86,201.2,1522,1478,0.33,-1.06,-115.98,1.9090,3.4585,6.5853,0
22.909,203,-6,65,9.37,43.86,201.2,1522,1478,0.33,-1.06,-115.98,1.9090,3.4585,6.5853,0
22.926,195,-6,65,9.00,43.86,201.2,1500,1478,0.33,-1.06,-115.98,1.9090,3.4585,6.5853,1
22.944,188,-5,66,8.55,43.20,200.9,1478,1500,0.33,-1.06,-115.98,1.9090,3.4585,6.5853,1
22.961,180,-4,67,8.06,42.55,200.5,1478,1500,0.33,-1.06,-115.98,1.9090,3.4585,6.5853,1
22.978,163,-4,67,7.30,42.55,200.5,1466,1500,0.33,-1.06,-115.98,1.9090,3.4585,6.5853,1
22.996,163,-4,67,7.30,42.55,200.5,1500,1478,0.33,-1.06,-115.98,1.9090,3.4585,6.5853,1
23.013,147,-4,67,6.58,42.55,200.5,1471,1478,0.33,-1.06,-115.98,1.9090,3.4585,6.5853,1
23.030,139,-3,68,6.13,41.92,200.2,1476,1500,0.33,-1.06,-115.98,1.9090,3.4585,6.5853,1
23.048,131,-3,68,5.78,41.92,200.2,1478,1500,-1.72,-1.31,-115.28,1.9090,3.4585,6.5853,1
23.065,123,-3,68,5.43,41.92,200.2,1478,1500,-1.72,-1.31,-115.28,1.9090,3.4585,6.5853,1
23.082,114,-2,69,4.96,41.32,199.8,1475,1522,-1.72,-1.31,-115.28,1.9090,3.4585,6.5853,1
23.098,106,-1,70,4.54,40.73,199.5,1475,1522,-1.72,-1.31,-115.28,3.1793,2.2351,6.1672,1
23.115,98,0,71,4.14,40.15,199.1,1474,1522,-1.72,-1.31,-115.28,3.1793,2.2351,6.1672,1
23.133,89,0,71,3.76,40.15,199.1,1470,1522,-1.72,-1.31,-115.28,3.1793,2.2351,6.1672,1
23.150,81,1,72,3.38,39.60,198.8,1470,1522,-1.72,-1.31,-115.28,3.1793,2.2351,6.1672,1
23.167,73,1,72,3.04,39.60,198.8,1470,1522,-1.72,-1.31,-115.28,3.1793,2.2351,6.1672,1
23.184,65,2,73,2.67,39.05,198.4,1468,1522,-1.72,-1.31,-115.28,3.1793,2.2351,6.1672,1
23.201,58,2,73,2.38,39.05,198.4,1470,1522,-1.72,-1.31,-115.28,3.1793,2.2351,6.1672,1
23.218,50,3,74,2.03,38.53,198.1,1467,1522,-1.72,-1.31,-115.28,3.1793,2.2351,6.1672,1
23.235,43,4,75,1.72,38.01,197.8,1468,1522,-1.72,-1.31,-115.28,3.1793,2.2351,6.1672,1
23.252,37,4,75,1.48,38.01,197.8,1471,1522,-1.72,-1.31,-115.28,3.1793,2.2351,6.1672,1
23.269,30,5,76,1.18,37.51,197.4,1468,1522,-1.72,-1.31,-115.28,3.1793,2.2351,6.1672,1
23.286,23,5,76,0.91,37.51,197.4,1466,1522,-2.81,-0.74,-114.53,3.1793,2.2351,6.1672,1
23.303,17,6,77,0.66,37.02,197.0,1468,1522,-2.81,-0.74,-114.53,3.1793,2.2351,6.1672,1
23.320,11,7,78,0.42,36.55,196.7,1468,1522,-2.81,-0.74,-114.53,3.1793,2.2351,6.1672,1
23.337,5,8,79,0.19,36.09,196.3,1468,1522,-2.81,-0.74,-114.53,3.1793,2.2351,6.1672,1
23.354,0,9,80,0.00,35.64,196.0,1469,1522,-2.81,-0.74,-114.53,4.0927,1.7042,7.3395,1
23.371,-5,9,80,-0.19,35.64,196.0,1470,1522,-2.81,-0.74,-114.53,4.0927,1.7042,7.3395,1
23.388,-10,10,81,-0.37,35.20,195.6,1470,1522,-2.81,-0.74,-114.53,4.0927,1.7042,7.3395,1
23.405,-14,13,84,-0.50,33.94,194.6,1472,1522,-2.81,-0.74,-114.53,4.0927,1.7042,7.3395,1
23.422,-19,14,85,-0.67,33.54,194.2,1470,1522,-2.81,-0.74,-114.53,4.0927,1.7042,7.3395,1
23.439,-23,15,86,-0.80,33.15,193.9,1472,1522,-2.81,-0.74,-114.53,4.0927,1.7042,7.3395,1
23.456,-26,15,86,-0.91,33.15,193.9,1475,1522,-2.81,-0.74,-114.53,4.0927,1.7042,7.3395,1
23.473,-30,16,87,-1.03,32.77,193.5,1473,1522,-2.81,-0.74,-114.53,4.0927,1.7042,7.3395,1
23.491,-33,17,88,-1.12,32.40,193.2,1475,1522,-2.81,-0.74,-114.53,4.0927,1.7042,7.3395,1
23.509,-36,18,89,-1.21,32.03,192.8,1476,1522,-2.81,-0.74,-114.53,4.0927,1.7042,7.3395,1
23.526,-38,19,90,-1.27,31.68,192.5,1478,1522,-2.81,-0.74,-114.53,4.0927,1.7042,7.3395,1
23.543,-41,19,90,-1.37,31.68,192.5,1477,1522,-2.73,-0.51,-115.10,4.0927,1.7042,7.3395,1
23.560,-42,20,91,-1.38,31.33,192.1,1478,1522,-2.73,-0.51,-115.10,4.0927,1.7042,7.3395,1
23.577,-45,22,93,-1.45,30.65,191.4,1478,1522,-2.73,-0.51,-115.10,4.0927,1.7042,7.3395,1
23.594,-45,22,93,-1.45,30.65,191.4,1478,1522,-2.73,-0.51,-115.10,4.0927,1.7042,7.3395,1
23.611,-47,25,96,-1.47,29.70,190.4,1478,1525,-2.73,-0.51,-115.10,3.5884,2.1817,7.1198,1
23.628,-48,26,97,-1.48,29.39,190.0,1478,1524,-2.73,-0.51,-115.10,3.5884,2.1817,7.1198,1
23.645,-48,27,98,-1.47,29.09,189.7,1478,1524,-2.73,-0.51,-115.10,3.5884,2.1817,7.1198,1
23.662,-49,28,99,-1.48,28.80,189.3,1478,1524,-2.73,-0.51,-115.10,3.5884,2.1817,7.1198,1
23.679,-50,29,100,-1.50,28.51,189.0,1478,1524,-2.73,-0.51,-115.10,3.5884,2.1817,7.1198,1
23.696,-50,30,101,-1.49,28.23,188.6,1478,1524,-2.73,-0.51,-115.10,3.5884,2.1817,7.1198,1
23.713,-51,31,102,-1.50,27.95,188.3,1478,1524,-2.73,-0.51,-115.10,3.5884,2.1817,7.1198,1
23.730,-52,32,103,-1.51,27.68,187.9,1478,1525,-2.73,-0.51,-115.10,3.5884,2.1817,7.1198,1
23.747,-53,33,104,-1.53,27.41,187.6,1478,1526,-2.73,-0.51,-115.10,3.5884,2.1817,7.1198,1
23.764,-54,34,105,-1.54,27.15,187.2,1478,1527,-2.73,-0.51,-115.10,3.5884,2.1817,7.1198,1
23.781,-54,35,106,-1.53,26.90,186.9,1478,1527,-2.45,-0.50,-116.45,3.5884,2.1817,7.1198,1
23.798,-56,37,108,-1.56,26.40,186.2,1478,1532,-2.45,-0.50,-116.45,3.5884,2.1817,7.1198,1
23.815,-57,38,109,-1.57,26.16,185.8,1478,1531,-2.45,-0.50,-116.45,3.5884,2.1817,7.1198,1
23.832,-58,40,111,-1.57,25.68,185.1,1478,1534,-2.45,-0.50,-116.45,3.5884,2.1817,7.1198,1
23.849,-59,41,112,-1.58,25.45,184.8,1478,1533,-2.45,-0.50,-116.45,2.2805,2.9566,6.9964,1
23.866,-60,42,113,-1.59,25.23,184.4,1478,1532,-2.45,-0.50,-116.45,2.2805,2.9566,6.9964,1
23.883,-62,43,114,-1.63,25.01,184.1,1478,1532,-2.45,-0.50,-116.45,2.2805,2.9566,6.9964,1
23.900,-64,44,115,-1.67,24.79,183.8,1472,1542,-2.45,-0.50,-116.45,2.2805,2.9566,6.9964,0
23.917,-66,45,116,-1.71,24.58,183.4,1471,1543,-2.45,-0.50,-116.45,2.2805,2.9566,6.9964,0
23.934,-67,46,117,-1.72,24.37,183.0,1474,1543,-2.45,-0.50,-116.45,2.2805,2.9566,6.9964,0
23.950,-69,47,118,-1.75,24.16,182.7,1471,1544,-2.45,-0.50,-116.45,2.2805,2.9566,6.9964,0
23.967,-71,48,119,-1.79,23.96,182.3,1470,1545,-2.45,-0.50,-116.45,2.2805,2.9566,6.9964,0
23.984,-73,49,120,-1.82,23.76,182.0,1469,1546,-2.45,-0.50,-116.45,2.2805,2.9566,6.9964,0
24.001,-75,51,122,-1.84,23.37,181.3,1468,1551,-2.45,-0.50,-116.45,2.2805,2.9566,6.9964,0
24.018,-77,52,123,-1.88,23.18,180.9,1467,1550,-2.45,-0.50,-116.45,2.2805,2.9566,6.9964,0
24.035,-79,53,124,-1.91,22.99,180.6,1467,1550,-2.45,-0.50,-116.45,2.2805,2.9566,6.9964,0
24.052,-81,54,125,-1.94,22.81,180.2,1466,1550,-2.88,0.34,-116.21,2.2805,2.9566,6.9964,0
24.069,-83,55,126,-1.98,22.63,179.9,1466,1551,-2.88,0.34,-116.21,2.2805,2.9566,6.9964,0
24.086,-85,56,127,-2.01,22.45,179.5,1465,1552,-2.88,0.34,-116.21,2.2805,2.9566,6.9964,0
24.103,-87,57,128,-2.04,22.27,179.2,1465,1552,-2.88,0.34,-116.21,3.4888,2.4592,6.9630,0
24.120,-88,58,129,-2.05,22.10,178.8,1468,1553,-2.88,0.34,-116.21,3.4888,2.4592,6.9630,0
24.137,-89,59,130,-2.05,21.93,178.5,1469,1554,-2.88,0.34,-116.21,3.4888,2.4592,6.9630,0
24.154,-91,60,131,-2.08,21.76,178.1,1466,1555,-2.88,0.34,-116.21,3.4888,2.4592,6.9630,0
24.171,-92,61,132,-2.09,21.60,177.8,1468,1555,-2.88,0.34,-116.21,3.4888,2.4592,6.9630,0
24.188,-93,62,133,-2.10,21.44,177.4,1469,1556,-2.88,0.34,-116.21,3.4888,2.4592,6.9630,0
24.205,-94,63,134,-2.10,21.28,177.1,1469,1557,-2.88,0.34,-116.21,3.4888,2.4592,6.9630,0
24.222,-95,64,135,-2.11,21.12,176.8,1469,1558,-2.88,0.34,-116.21,3.4888,2.4592,6.9630,0
24.240,-95,65,136,-2.10,20.96,176.4,1473,1559,-2.88,0.34,-116.21,3.4888,2.4592,6.9630,0
24.257,-95,65,136,-2.10,20.96,176.4,1475,1555,-2.88,0.34,-116.21,3.4888,2.4592,6.9630,0
24.274,-94,66,137,-2.06,20.81,176.0,1478,1558,-2.88,0.34,-116.21,3.4888,2.4592,6.9630,0
24.292,-93,66,137,-2.04,20.81,176.0,1478,1555,-2.70,0.76,-114.44,3.4888,2.4592,6.9630,0
24.309,-91,66,137,-1.99,20.81,176.0,1478,1554,-2.70,0.76,-114.44,3.4888,2.4592,6.9630,0
24.326,-89,67,138,-1.93,20.66,175.7,1478,1557,-2.70,0.76,-114.44,3.4888,2.4592,6.9630,0
24.344,-84,67,138,-1.83,20.66,175.7,1522,1555,-2.70,0.76,-114.44,3.4888,2.4592,6.9630,0
24.361,-84,67,138,-1.83,20.66,175.7,1478,1554,-2.70,0.76,-114.44,2.8988,1.8632,6.3677,0
24.378,-76,67,138,-1.65,20.66,175.7,1522,1554,-2.70,0.76,-114.44,2.8988,1.8632,6.3677,0
24.395,-72,67,138,-1.57,20.66,175.7,1522,1554,-2.70,0.76,-114.44,2.8988,1.8632,6.3677,0
24.412,-67,67,138,-1.46,20.66,175.7,1522,1553,-2.70,0.76,-114.44,2.8988,1.8632,6.3677,0
24.429,-62,66,137,-1.36,20.81,176.0,1522,1549,-2.70,0.76,-114.44,2.8988,1.8632,6.3677,0
24.446,-57,66,137,-1.25,20.81,176.0,1522,1551,-2.70,0.76,-114.44,2.8988,1.8632,6.3677,0
24.463,-51,65,136,-1.12,20.96,176.4,1525,1547,-2.70,0.76,-114.44,2.8988,1.8632,6.3677,0
24.480,-45,65,136,-0.99,20.96,176.4,1529,1549,-2.70,0.76,-114.44,2.8988,1.8632,6.3677,0
24.497,-38,64,135,-0.84,21.12,176.8,1535,1546,-2.70,0.76,-114.44,2.8988,1.8632,6.3677,0
24.513,-31,64,135,-0.69,21.12,176.8,1539,1549,-2.70,0.76,-114.44,2.8988,1.8632,6.3677,0
24.530,-24,63,134,-0.54,21.28,177.1,1542,1545,-2.70,0.76,-114.44,2.8988,1.8632,6.3677,0
24.547,-17,63,134,-0.38,21.28,177.1,1544,1548,-1.58,0.30,-113.60,2.8988,1.8632,6.3677,0
24.564,-9,61,132,-0.20,21.60,177.8,1550,1540,-1.58,0.30,-113.60,2.8988,1.8632,6.3677,0
24.581,-2,61,132,-0.05,21.60,177.8,1550,1544,-1.58,0.30,-113.60,2.8988,1.8632,6.3677,0
24.598,5,59,130,0.12,21.93,178.5,1551,1538,-1.58,0.30,-113.60,2.9048,1.7380,6.6774,0
24.615,13,58,129,0.30,22.10,178.8,1556,1538,-1.58,0.30,-113.60,2.9048,1.7380,6.6774,0
24.632,20,57,128,0.47,22.27,179.2,1556,1538,-1.58,0.30,-113.60,2.9048,1.7380,6.6774,0
24.649,28,56,127,0.66,22.45,179.5,1560,1537,-1.58,0.30,-113.60,2.9048,1.7380,6.6774,0
24.666,35,55,126,0.83,22.63,179.9,1560,1536,-1.58,0.30,-113.60,2.9048,1.7380,6.6774,0
24.683,42,54,125,1.01,22.81,180.2,1561,1536,-1.58,0.30,-113.60,2.9048,1.7380,6.6774,0
24.700,48,53,124,1.16,22.99,180.6,1558,1535,-1.58,0.30,-113.60,2.9048,1.7380,6.6774,0
24.717,55,52,123,1.34,23.18,180.9,1561,1534,-1.58,0.30,-113.60,2.9048,1.7380,6.6774,0
24.734,60,51,122,1.48,23.37,181.3,1556,1533,-1.58,0.30,-113.60,2.9048,1.7380,6.6774,0
24.751,65,50,121,1.61,23.56,181.6,1554,1533,-1.58,0.30,-113.60,2.9048,1.7380,6.6774,0
24.768,70,49,120,1.75,23.76,182.0,1554,1532,-1.58,0.30,-113.60,2.9048,1.7380,6.6774,0
24.785,74,48,119,1.87,23.96,182.3,1550,1531,-0.18,-0.79,-113.55,2.9048,1.7380,6.6774,0
24.803,78,46,117,2.00,24.37,183.0,1548,1526,-0.18,-0.79,-113.55,2.9048,1.7380,6.6774,0
24.820,82,45,116,2.12,24.58,183.4,1549,1527,-0.18,-0.79,-113.55,2.9048,1.7380,6.6774,0
24.837,85,44,115,2.22,24.79,183.8,1546,1527,-0.18,-0.79,-113.55,2.9048,1.7380,6.6774,0
24.854,89,43,114,2.34,25.01,184.1,1538,1522,-0.18,-0.79,-113.55,3.7137,1.1864,7.8243,1
24.872,92,41,112,2.46,25.45,184.8,1536,1522,-0.18,-0.79,-113.55,3.7137,1.1864,7.8243,1
24.889,95,40,111,2.57,25.68,185.1,1536,1522,-0.18,-0.79,-113.55,3.7137,1.1864,7.8243,1
24.907,97,39,110,2.65,25.92,185.5,1533,1522,-0.18,-0.79,-113.55,3.7137,1.1864,7.8243,1
24.924,100,38,109,2.75,26.16,185.8,1535,1522,-0.18,-0.79,-113.55,3.7137,1.1864,7.8243,1
24.941,102,37,108,2.83,26.40,186.2,1533,1522,-0.18,-0.79,-113.55,3.7137,1.1864,7.8243,1
24.958,105,36,107,2.94,26.64,186.5,1536,1522,-0.18,-0.79,-113.55,3.7137,1.1864,7.8243,1
24.975,111,34,105,3.17,27.15,187.2,1546,1522,-0.18,-0.79,-113.55,3.7137,1.1864,7.8243,1
24.992,113,33,104,3.26,27.41,187.6,1540,1522,-0.18,-0.79,-113.55,3.7137,1.1864,7.8243,1
25.009,117,32,103,3.41,27.68,187.9,1543,1522,-0.18,-0.79,-113.55,3.7137,1.1864,7.8243,1
25.027,120,31,102,3.53,27.95,188.3,1541,1522,-0.18,-0.79,-113.55,3.7137,1.1864,7.8243,1
25.044,124,30,101,3.68,28.23,188.6,1544,1522,-0.56,-2.10,-113.47,3.7137,1.1864,7.8243,1
25.061,128,29,100,3.84,28.51,189.0,1546,1522,-0.56,-2.10,-113.47,3.7137,1.1864,7.8243,1
25.078,132,28,99,4.00,28.80,189.3,1548,1522,-0.56,-2.10,-113.47,3.7137,1.1864,7.8243,1
25.095,135,27,98,4.13,29.09,189.7,1546,1522,-0.56,-2.10,-113.47,2.8816,1.2522,8.2396,1
25.112,138,26,97,4.27,29.39,190.0,1545,1522,-0.56,-2.10,-113.47,2.8816,1.2522,8.2396,1
25.129,141,25,96,4.41,29.70,190.4,1545,1522,-0.56,-2.10,-113.47,2.8816,1.2522,8.2396,1
25.146,144,25,96,4.50,29.70,190.4,1545,1522,-0.56,-2.10,-113.47,2.8816,1.2522,8.2396,1
25.163,147,24,95,4.64,30.01,190.8,1546,1522,-0.56,-2.10,-113.47,2.8816,1.2522,8.2396,1
25.180,149,23,94,4.76,30.33,191.1,1544,1522,-0.56,-2.10,-113.47,2.8816,1.2522,8.2396,1
25.197,152,23,94,4.85,30.33,191.1,1545,1522,-0.56,-2.10,-113.47,2.8816,1.2522,8.2396,1
25.214,153,22,93,4.94,30.65,191.4,1540,1522,-0.56,-2.10,-113.47,2.8816,1.2522,8.2396,1
25.231,154,22,93,4.97,30.65,191.4,1538,1522,-0.56,-2.10,-113.47,2.8816,1.2522,8.2396,1
25.248,155,21,92,5.05,30.99,191.8,1537,1522,-0.56,-2.10,-113.47,2.8816,1.2522,8.2396,1
25.265,155,20,91,5.11,31.33,192.1,1534,1522,-0.56,-2.10,-113.47,2.8816,1.2522,8.2396,1
25.281,155,19,90,5.17,31.68,192.5,1532,1522,-0.56,-2.10,-113.47,2.8816,1.2522,8.2396,1
25.298,155,19,90,5.17,31.68,192.5,1531,1522,0.05,-2.28,-114.13,2.8816,1.2522,8.2396,1
25.315,155,18,89,5.22,32.03,192.8,1531,1522,0.05,-2.28,-114.13,2.8816,1.2522,8.2396,1
25.332,155,18,89,5.22,32.03,192.8,1531,1522,0.05,-2.28,-114.13,2.8816,1.2522,8.2396,1
25.349,155,17,88,5.28,32.40,193.2,1530,1522,0.05,-2.28,-114.13,2.7802,1.1289,8.0479,1
25.366,156,16,87,5.38,32.77,193.5,1533,1522,0.05,-2.28,-114.13,2.7802,1.1289,8.0479,1
25.383,156,16,87,5.38,32.77,193.5,1532,1522,0.05,-2.28,-114.13,2.7802,1.1289,8.0479,1
25.400,155,16,87,5.34,32.77,193.5,1528,1522,0.05,-2.28,-114.13,2.7802,1.1289,8.0479,1
25.417,155,15,86,5.41,33.15,193.9,1529,1522,0.05,-2.28,-114.13,2.7802,1.1289,8.0479,1
25.434,154,15,86,5.37,33.15,193.9,1527,1522,0.05,-2.28,-114.13,2.7802,1.1289,8.0479,1
25.451,153,15,86,5.34,33.15,193.9,1525,1522,0.05,-2.28,-114.13,2.7802,1.1289,8.0479,1
25.468,153,14,85,5.40,33.54,194.2,1528,1522,0.05,-2.28,-114.13,2.7802,1.1289,8.0479,1
25.485,153,13,84,5.46,33.94,194.6,1528,1522,0.05,-2.28,-114.13,2.7802,1.1289,8.0479,1
25.502,153,13,84,5.46,33.94,194.6,1529,1522,0.05,-2.28,-114.13,2.7802,1.1289,8.0479,1
25.519,153,13,84,5.46,33.94,194.6,1529,1522,0.05,-2.28,-114.13,2.7802,1.1289,8.0479,1
25.536,153,13,84,5.46,33.94,194.6,1530,1522,-0.46,-1.72,-114.55,2.7802,1.1289,8.0479,1
25.553,154,12,83,5.57,34.35,194.9,1533,1522,-0.46,-1.72,-114.55,2.7802,1.1289,8.0479,1
25.571,154,12,83,5.57,34.35,194.9,1532,1522,-0.46,-1.72,-114.55,2.7802,1.1289,8.0479,1
25.589,153,12,83,5.53,34.35,194.9,1528,1522,-0.46,-1.72,-114.55,2.7802,1.1289,8.0479,1
25.607,153,12,83,5.53,34.35,194.9,1529,1522,-0.46,-1.72,-114.55,3.2849,0.9661,9.8609,1
25.625,152,11,82,5.56,34.77,195.3,1526,1522,-0.46,-1.72,-114.55,3.2849,0.9661,9.8609,1
25.642,150,11,82,5.49,34.77,195.3,1523,1522,-0.46,-1.72,-114.55,3.2849,0.9661,9.8609,1
25.659,148,11,82,5.41,34.77,195.3,1522,1522,-0.46,-1.72,-114.55,3.2849,0.9661,9.8609,1
25.676,147,10,81,5.44,35.20,195.6,1522,1522,-0.46,-1.72,-114.55,3.2849,0.9661,9.8609,1
25.693,146,10,81,5.41,35.20,195.6,1522,1522,-0.46,-1.72,-114.55,3.2849,0.9661,9.8609,1
25.710,144,10,81,5.33,35.20,195.6,1522,1522,-0.46,-1.72,-114.55,3.2849,0.9661,9.8609,1
25.727,143,9,80,5.36,35.64,196.0,1522,1522,-0.46,-1.72,-114.55,3.2849,0.9661,9.8609,1
25.744,141,9,80,5.29,35.64,196.0,1522,1522,-0.46,-1.72,-114.55,3.2849,0.9661,9.8609,1
25.761,139,9,80,5.21,35.64,196.0,1522,1522,-0.46,-1.72,-114.55,3.2849,0.9661,9.8609,1
25.778,138,9,80,5.17,35.64,196.0,1522,1522,-0.46,-1.72,-114.55,3.2849,0.9661,9.8609,1
25.795,136,8,79,5.16,36.09,196.3,1522,1522,-0.39,-1.40,-114.95,3.2849,0.9661,9.8609,1
25.812,135,8,79,5.13,36.09,196.3,1522,1522,-0.39,-1.40,-114.95,3.2849,0.9661,9.8609,1
25.829,133,8,79,5.05,36.09,196.3,1522,1522,-0.39,-1.40,-114.95,3.2849,0.9661,9.8609,1
25.846,133,8,79,5.05,36.09,196.3,1522,1522,-0.39,-1.40,-114.95,2.7667,1.4609,9.0801,1
25.863,133,8,79,5.05,36.09,196.3,1524,1522,-0.39,-1.40,-114.95,2.7667,1.4609,9.0801,1
25.880,128,7,78,4.92,36.55,196.7,1522,1522,-0.39,-1.40,-114.95,2.7667,1.4609,9.0801,1
25.897,126,7,78,4.85,36.55,196.7,1522,1522,-0.39,-1.40,-114.95,2.7667,1.4609,9.0801,1
25.914,124,6,77,4.83,37.02,197.0,1522,1500,-0.39,-1.40,-114.95,2.7667,1.4609,9.0801,1
25.931,123,6,77,4.79,37.02,197.0,1522,1522,-0.39,-1.40,-114.95,2.7667,1.4609,9.0801,1
25.948,121,6,77,4.71,37.02,197.0,1522,1522,-0.39,-1.40,-114.95,2.7667,1.4609,9.0801,1
25.965,119,6,77,4.64,37.02,197.0,1522,1522,-0.39,-1.40,-114.95,2.7667,1.4609,9.0801,1
25.982,117,5,76,4.62,37.51,197.4,1522,1500,-0.39,-1.40,-114.95,2.7667,1.4609,9.0801,1
25.999,115,5,76,4.54,37.51,197.4,1522,1522,-0.39,-1.40,-114.95,2.7667,1.4609,9.0801,1
26.016,113,5,76,4.46,37.51,197.4,1522,1522,-0.39,-1.40,-114.95,2.7667,1.4609,9.0801,1
26.033,111,4,75,4.44,38.01,197.8,1522,1500,-0.49,-1.22,-115.60,2.7667,1.4609,9.0801,1
26.050,109,4,75,4.36,38.01,197.8,1522,1500,-0.49,-1.22,-115.60,2.7667,1.4609,9.0801,1
26.067,107,4,75,4.28,38.01,197.8,1522,1522,-0.49,-1.22,-115.60,2.7667,1.4609,9.0801,1
26.084,104,4,75,4.16,38.01,197.8,1522,1522,-0.49,-1.22,-115.60,2.7667,1.4609,9.0801,1
26.101,100,4,75,4.00,38.01,197.8,1522,1522,-0.49,-1.22,-115.60,2.4305,1.8102,7.2848,1
26.118,97,3,74,3.93,38.53,198.1,1522,1500,-0.49,-1.22,-115.60,2.4305,1.8102,7.2848,1
26.135,94,3,74,3.81,38.53,198.1,1500,1500,-0.49,-1.22,-115.60,2.4305,1.8102,7.2848,1
26.152,90,3,74,3.65,38.53,198.1,1478,1500,-0.49,-1.22,-115.60,2.4305,1.8102,7.2848,1
26.169,86,2,73,3.53,39.05,198.4,1478,1478,-0.49,-1.22,-115.60,2.4305,1.8102,7.2848,1
26.186,82,2,73,3.37,39.05,198.4,1478,1500,-0.49,-1.22,-115.60,2.4305,1.8102,7.2848,1
26.203,79,2,73,3.25,39.05,198.4,1478,1500,-0.49,-1.22,-115.60,2.4305,1.8102,7.2848,1
26.220,75,2,73,3.08,39.05,198.4,1478,1500,-0.49,-1.22,-115.60,2.4305,1.8102,7.2848,1
26.237,71,1,72,2.96,39.60,198.8,1478,1478,-0.49,-1.22,-115.60,2.4305,1.8102,7.2848,1
26.255,68,1,72,2.83,39.60,198.8,1478,1500,-0.49,-1.22,-115.60,2.4305,1.8102,7.2848,1
26.272,65,1,72,2.71,39.60,198.8,1478,1500,-0.49,-1.22,-115.60,2.4305,1.8102,7.2848,1
26.289,62,1,72,2.58,39.60,198.8,1478,1500,-0.96,-1.15,-115.45,2.4305,1.8102,7.2848,1
26.307,55,0,71,2.32,40.15,199.1,1478,1478,-0.96,-1.15,-115.45,2.4305,1.8102,7.2848,1
26.324,52,0,71,2.20,40.15,199.1,1478,1500,-0.96,-1.15,-115.45,2.4305,1.8102,7.2848,1
26.341,50,-1,70,2.14,40.73,199.5,1478,1478,-0.96,-1.15,-115.45,2.4305,1.8102,7.2848,1
26.358,50,-1,70,2.14,40.73,199.5,1522,1478,-0.96,-1.15,-115.45,3.0373,1.8810,6.4287,1
26.375,46,-1,70,1.97,40.73,199.5,1478,1500,-0.96,-1.15,-115.45,3.0373,1.8810,6.4287,1
26.392,44,-1,70,1.89,40.73,199.5,1478,1500,-0.96,-1.15,-115.45,3.0373,1.8810,6.4287,1
26.409,42,-1,70,1.80,40.73,199.5,1478,1500,-0.96,-1.15,-115.45,3.0373,1.8810,6.4287,1
26.426,40,-1,70,1.71,40.73,199.5,1478,1500,-0.96,-1.15,-115.45,3.0373,1.8810,6.4287,1
26.443,38,-1,70,1.63,40.73,199.5,1478,1500,-0.96,-1.15,-115.45,3.0373,1.8810,6.4287,1
26.460,36,-2,69,1.57,41.32,199.8,1478,1478,-0.96,-1.15,-115.45,3.0373,1.8810,6.4287,1
26.477,34,-2,69,1.48,41.32,199.8,1478,1478,-0.96,-1.15,-115.45,3.0373,1.8810,6.4287,1
26.494,31,-3,68,1.37,41.92,200.2,1478,1478,-0.96,-1.15,-115.45,3.0373,1.8810,6.4287,1
26.511,30,-3,68,1.32,41.92,200.2,1478,1478,-0.96,-1.15,-115.45,3.0373,1.8810,6.4287,1
26.528,28,-3,68,1.24,41.92,200.2,1478,1478,-0.96,-1.15,-115.45,3.0373,1.8810,6.4287,1
26.545,27,-4,67,1.21,42.55,200.5,1478,1478,-1.52,-1.25,-115.99,3.0373,1.8810,6.4287,1
26.562,26,-4,67,1.16,42.55,200.5,1500,1478,-1.52,-1.25,-115.99,3.0373,1.8810,6.4287,1
26.579,25,-4,67,1.12,42.55,200.5,1500,1478,-1.52,-1.25,-115.99,3.0373,1.8810,6.4287,1
26.596,24,-4,67,1.07,42.55,200.5,1500,1478,-1.52,-1.25,-115.99,3.3012,1.8556,6.5120,1
26.613,23,-5,66,1.05,43.20,200.9,1500,1478,-1.52,-1.25,-115.99,3.3012,1.8556,6.5120,1
26.630,23,-5,66,1.05,43.20,200.9,1522,1478,-1.52,-1.25,-115.99,3.3012,1.8556,6.5120,1
26.647,22,-5,66,1.00,43.20,200.9,1500,1478,-1.52,-1.25,-115.99,3.3012,1.8556,6.5120,1
26.664,22,-5,66,1.00,43.20,200.9,1522,1478,-1.52,-1.25,-115.99,3.3012,1.8556,6.5120,1
26.681,21,-5,66,0.95,43.20,200.9,1500,1478,-1.52,-1.25,-115.99,3.3012,1.8556,6.5120,1
26.698,20,-6,65,0.92,43.86,201.2,1500,1478,-1.52,-1.25,-115.99,3.3012,1.8556,6.5120,1
26.715,19,-6,65,0.88,43.86,201.2,1500,1478,-1.52,-1.25,-115.99,3.3012,1.8556,6.5120,1
26.732,18,-7,64,0.84,44.55,201.6,1478,1478,-1.52,-1.25,-115.99,3.3012,1.8556,6.5120,1
26.749,17,-7,64,0.80,44.55,201.6,1478,1478,-1.52,-1.25,-115.99,3.3012,1.8556,6.5120,1
26.766,16,-7,64,0.75,44.55,201.6,1478,1478,-1.52,-1.25,-115.99,3.3012,1.8556,6.5120,1
26.783,15,-7,64,0.70,44.55,201.6,1478,1478,-1.54,-0.98,-116.99,3.3012,1.8556,6.5120,1
26.800,15,-7,64,0.70,44.55,201.6,1500,1478,-1.54,-0.98,-116.99,3.3012,1.8556,6.5120,1
26.817,14,-8,63,0.67,45.25,201.9,1500,1478,-1.54,-0.98,-116.99,3.3012,1.8556,6.5120,1
26.834,13,-8,63,0.62,45.25,201.9,1478,1478,-1.54,-0.98,-116.99,3.3012,1.8556,6.5120,1
26.851,12,-8,63,0.57,45.25,201.9,1478,1478,-1.54,-0.98,-116.99,2.1378,2.7644,6.8699,1
26.868,10,-8,63,0.48,45.25,201.9,1478,1478,-1.54,-0.98,-116.99,2.1378,2.7644,6.8699,1
26.885,9,-8,63,0.43,45.25,201.9,1478,1478,-1.54,-0.98,-116.99,2.1378,2.7644,6.8699,1
26.902,8,-8,63,0.38,45.25,201.9,1478,1478,-1.54,-0.98,-116.99,2.1378,2.7644,6.8699,1
26.920,7,-8,63,0.33,45.25,201.9,1478,1478,-1.54,-0.98,-116.99,2.1378,2.7644,6.8699,1
26.937,5,-8,63,0.24,45.25,201.9,1478,1478,-1.54,-0.98,-116.99,2.1378,2.7644,6.8699,1
26.956,4,-8,63,0.19,45.25,201.9,1478,1478,-1.54,-0.98,-116.99,2.1378,2.7644,6.8699,1
26.973,0,-8,63,0.00,45.25,201.9,1478,1478,-1.54,-0.98,-116.99,2.1378,2.7644,6.8699,1
26.990,-1,-8,63,-0.05,45.25,201.9,1478,1478,-1.54,-0.98,-116.99,2.1378,2.7644,6.8699,1
27.007,-3,-8,63,-0.14,45.25,201.9,1478,1478,-1.54,-0.98,-116.99,2.1378,2.7644,6.8699,1
27.024,-4,-9,62,-0.19,45.98,202.3,1478,1478,-1.54,-0.98,-116.99,2.1378,2.7644,6.8699,1
27.041,-5,-9,62,-0.24,45.98,202.3,1478,1478,-1.48,-1.70,-117.43,2.1378,2.7644,6.8699,1
27.058,-7,-9,62,-0.34,45.98,202.3,1478,1478,-1.48,-1.70,-117.43,2.1378,2.7644,6.8699,1
27.075,-9,-9,62,-0.44,45.98,202.3,1478,1478,-1.48,-1.70,-117.43,2.1378,2.7644,6.8699,1
27.092,-10,-9,62,-0.48,45.98,202.3,1478,1478,-1.48,-1.70,-117.43,2.1378,2.7644,6.8699,1
27.109,-12,-10,61,-0.59,46.74,202.6,1478,1478,-1.48,-1.70,-117.43,2.0142,3.2172,7.3898,1
27.126,-13,-10,61,-0.64,46.74,202.6,1478,1478,-1.48,-1.70,-117.43,2.0142,3.2172,7.3898,1
27.143,-14,-10,61,-0.69,46.74,202.6,1478,1478,-1.48,-1.70,-117.43,2.0142,3.2172,7.3898,1
27.160,-16,-10,61,-0.79,46.74,202.6,1478,1478,-1.48,-1.70,-117.43,2.0142,3.2172,7.3898,1
27.177,-17,-10,61,-0.84,46.74,202.6,1478,1478,-1.48,-1.70,-117.43,2.0142,3.2172,7.3898,1
27.194,-17,-11,60,-0.85,47.52,203.0,1478,1478,-1.48,-1.70,-117.43,2.0142,3.2172,7.3898,1
27.211,-18,-11,60,-0.90,47.52,203.0,1478,1478,-1.48,-1.70,-117.43,2.0142,3.2172,7.3898,1
27.228,-18,-11,60,-0.90,47.52,203.0,1478,1478,-1.48,-1.70,-117.43,2.0142,3.2172,7.3898,1
27.245,-19,-11,60,-0.95,47.52,203.0,1478,1478,-1.48,-1.70,-117.43,2.0142,3.2172,7.3898,1
27.262,-19,-12,59,-0.97,48.32,203.3,1478,1478,-1.48,-1.70,-117.43,2.0142,3.2172,7.3898,1
27.279,-19,-12,59,-0.97,48.32,203.3,1478,1478,-1.48,-1.70,-117.43,2.0142,3.2172,7.3898,1
27.296,-19,-12,59,-0.97,48.32,203.3,1478,1478,-1.74,-1.66,-117.79,2.0142,3.2172,7.3898,1
27.313,-19,-12,59,-0.97,48.32,203.3,1478,1478,-1.74,-1.66,-117.79,2.0142,3.2172,7.3898,1
27.330,-19,-13,58,-0.98,49.15,203.7,1478,1478,-1.74,-1.66,-117.79,2.0142,3.2172,7.3898,1
27.347,-19,-13,58,-0.98,49.15,203.7,1478,1478,-1.74,-1.66,-117.79,1.6081,3.1180,7.5954,1
27.364,-19,-13,58,-0.98,49.15,203.7,1478,1478,-1.74,-1.66,-117.79,1.6081,3.1180,7.5954,1
27.381,-19,-13,58,-0.98,49.15,203.7,1478,1478,-1.74,-1.66,-117.79,1.6081,3.1180,7.5954,1
27.398,-20,-13,58,-1.03,49.15,203.7,1478,1478,-1.74,-1.66,-117.79,1.6081,3.1180,7.5954,1
27.415,-21,-13,58,-1.09,49.15,203.7,1478,1478,-1.74,-1.66,-117.79,1.6081,3.1180,7.5954,1
27.432,-21,-14,57,-1.11,50.02,204.0,1478,1478,-1.74,-1.66,-117.79,1.6081,3.1180,7.5954,1
27.449,-22,-14,57,-1.16,50.02,204.0,1478,1478,-1.74,-1.66,-117.79,1.6081,3.1180,7.5954,1
27.466,-22,-14,57,-1.16,50.02,204.0,1478,1478,-1.74,-1.66,-117.79,1.6081,3.1180,7.5954,1
27.483,-22,-15,56,-1.18,50.91,204.4,1478,1478,-1.74,-1.66,-117.79,1.6081,3.1180,7.5954,1
27.500,-21,-15,56,-1.12,50.91,204.4,1478,1478,-1.74,-1.66,-117.79,1.6081,3.1180,7.5954,1
27.517,-21,-15,56,-1.12,50.91,204.4,1478,1478,-1.74,-1.66,-117.79,1.6081,3.1180,7.5954,1
27.534,-21,-16,55,-1.15,51.83,204.8,1478,1478,-1.74,-1.98,-117.82,1.6081,3.1180,7.5954,1
27.551,-20,-16,55,-1.09,51.83,204.8,1500,1478,-1.74,-1.98,-117.82,1.6081,3.1180,7.5954,1
27.568,-20,-16,55,-1.09,51.83,204.8,1478,1478,-1.74,-1.98,-117.82,1.6081,3.1180,7.5954,1
27.585,-19,-16,55,-1.04,51.83,204.8,1500,1478,-1.74,-1.98,-117.82,1.6081,3.1180,7.5954,1
27.602,-19,-16,55,-1.04,51.83,204.8,1478,1478,-1.74,-1.98,-117.82,1.5243,4.0642,7.3228,1
27.619,-18,-16,55,-0.98,51.83,204.8,1500,1478,-1.74,-1.98,-117.82,1.5243,4.0642,7.3228,1
27.639,-17,-17,54,-0.94,52.79,205.1,1500,1478,-1.74,-1.98,-117.82,1.5243,4.0642,7.3228,1
27.656,-17,-17,54,-0.94,52.79,205.1,1500,1478,-1.74,-1.98,-117.82,1.5243,4.0642,7.3228,1
27.673,-15,-17,54,-0.83,52.79,205.1,1522,1478,-1.74,-1.98,-117.82,1.5243,4.0642,7.3228,1
27.690,-15,-17,54,-0.83,52.79,205.1,1500,1478,-1.74,-1.98,-117.82,1.5243,4.0642,7.3228,1
27.707,-14,-18,53,-0.79,53.79,205.4,1522,1478,-1.74,-1.98,-117.82,1.5243,4.0642,7.3228,1
27.724,-13,-18,53,-0.74,53.79,205.4,1522,1478,-1.74,-1.98,-117.82,1.5243,4.0642,7.3228,1
27.741,-12,-18,53,-0.68,53.79,205.4,1522,1478,-1.74,-1.98,-117.82,1.5243,4.0642,7.3228,1
27.758,-11,-18,53,-0.62,53.79,205.4,1522,1478,-1.74,-1.98,-117.82,1.5243,4.0642,7.3228,1
27.775,-9,-19,52,-0.52,54.83,205.8,1522,1478,-1.74,-1.98,-117.82,1.5243,4.0642,7.3228,1
27.792,-7,-19,52,-0.40,54.83,205.8,1522,1478,-1.18,-2.39,-117.80,1.5243,4.0642,7.3228,1
27.809,-5,-19,52,-0.29,54.83,205.8,1522,1478,-1.18,-2.39,-117.80,1.5243,4.0642,7.3228,1
27.826,-3,-19,52,-0.17,54.83,205.8,1522,1478,-1.18,-2.39,-117.80,1.5243,4.0642,7.3228,1
27.843,-2,-19,52,-0.12,54.83,205.8,1522,1478,-1.18,-2.39,-117.80,1.9080,3.7425,7.3257,1
27.860,0,-20,51,0.00,55.90,206.1,1522,1478,-1.18,-2.39,-117.80,1.9080,3.7425,7.3257,0
27.877,1,-20,51,0.06,55.90,206.1,1522,1478,-1.18,-2.39,-117.80,1.9080,3.7425,7.3257,0
27.894,2,-20,51,0.12,55.90,206.1,1522,1478,-1.18,-2.39,-117.80,1.9080,3.7425,7.3257,0
27.911,3,-20,51,0.18,55.90,206.1,1522,1478,-1.18,-2.39,-117.80,1.9080,3.7425,7.3257,0
27.928,4,-20,51,0.24,55.90,206.1,1522,1478,-1.18,-2.39,-117.80,1.9080,3.7425,7.3257,0
27.945,5,-21,50,0.30,57.02,206.5,1522,1478,-1.18,-2.39,-117.80,1.9080,3.7425,7.3257,0
27.962,6,-21,50,0.36,57.02,206.5,1522,1478,-1.18,-2.39,-117.80,1.9080,3.7425,7.3257,0
27.979,8,-21,50,0.48,57.02,206.5,1522,1478,-1.18,-2.39,-117.80,1.9080,3.7425,7.3257,0
27.996,9,-21,50,0.54,57.02,206.5,1522,1478,-1.18,-2.39,-117.80,1.9080,3.7425,7.3257,0
28.013,11,-22,49,0.67,58.18,206.8,1522,1478,-1.18,-2.39,-117.80,1.9080,3.7425,7.3257,0
28.030,12,-22,49,0.73,58.18,206.8,1522,1478,-1.18,-2.39,-117.80,1.9080,3.7425,7.3257,0
28.047,14,-22,49,0.86,58.18,206.8,1522,1478,-0.35,-2.85,-117.84,1.9080,3.7425,7.3257,0
28.063,16,-22,49,0.98,58.18,206.8,1522,1478,-0.35,-2.85,-117.84,1.9080,3.7425,7.3257,0
28.080,18,-23,48,1.12,59.39,207.2,1522,1478,-0.35,-2.85,-117.84,1.9080,3.7425,7.3257,0
28.097,20,-23,48,1.25,59.39,207.2,1522,1478,-0.35,-2.85,-117.84,1.7223,4.0130,7.6017,0
28.114,21,-23,48,1.31,59.39,207.2,1522,1478,-0.35,-2.85,-117.84,1.7223,4.0130,7.6017,0
28.131,22,-23,48,1.38,59.39,207.2,1522,1478,-0.35,-2.85,-117.84,1.7223,4.0130,7.6017,0
28.148,23,-23,48,1.44,59.39,207.2,1522,1478,-0.35,-2.85,-117.84,1.7223,4.0130,7.6017,0
28.165,24,-24,47,1.53,60.66,207.5,1522,1478,-0.35,-2.85,-117.84,1.7223,4.0130,7.6017,0
28.182,25,-24,47,1.60,60.66,207.5,1522,1478,-0.35,-2.85,-117.84,1.7223,4.0130,7.6017,0
28.199,27,-24,47,1.72,60.66,207.5,1522,1478,-0.35,-2.85,-117.84,1.7223,4.0130,7.6017,0
28.216,28,-24,47,1.79,60.66,207.5,1522,1478,-0.35,-2.85,-117.84,1.7223,4.0130,7.6017,0
28.233,29,-25,46,1.89,61.98,207.9,1522,1477,-0.35,-2.85,-117.84,1.7223,4.0130,7.6017,0
28.250,30,-25,46,1.96,61.98,207.9,1522,1478,-0.35,-2.85,-117.84,1.7223,4.0130,7.6017,0
28.267,32,-25,46,2.09,61.98,207.9,1522,1478,-0.35,-2.85,-117.84,1.7223,4.0130,7.6017,0
28.285,32,-25,46,2.09,61.98,207.9,1522,1478,-0.25,-2.56,-118.19,1.7223,4.0130,7.6017,0
28.302,33,-25,46,2.15,61.98,207.9,1522,1478,-0.25,-2.56,-118.19,1.7223,4.0130,7.6017,0
28.321,33,-26,45,2.20,63.35,208.2,1522,1476,-0.25,-2.56,-118.19,1.7223,4.0130,7.6017,0
28.339,32,-26,45,2.13,63.35,208.2,1522,1478,-0.25,-2.56,-118.19,1.5101,3.4330,7.5612,0
28.356,31,-26,45,2.07,63.35,208.2,1522,1478,-0.25,-2.56,-118.19,1.5101,3.4330,7.5612,0
28.373,31,-27,44,2.11,64.79,208.6,1522,1475,-0.25,-2.56,-118.19,1.5101,3.4330,7.5612,0
28.390,30,-27,44,2.05,64.79,208.6,1522,1477,-0.25,-2.56,-118.19,1.5101,3.4330,7.5612,0
28.407,30,-27,44,2.05,64.79,208.6,1522,1478,-0.25,-2.56,-118.19,1.5101,3.4330,7.5612,0
28.424,30,-27,44,2.05,64.79,208.6,1522,1478,-0.25,-2.56,-118.19,1.5101,3.4330,7.5612,0
28.441,29,-27,44,1.98,64.79,208.6,1522,1478,-0.25,-2.56,-118.19,1.5101,3.4330,7.5612,0
28.458,28,-28,43,1.95,66.30,208.9,1522,1474,-0.25,-2.56,-118.19,1.5101,3.4330,7.5612,0
28.475,27,-28,43,1.88,66.30,208.9,1500,1476,-0.25,-2.56,-118.19,1.5101,3.4330,7.5612,0
28.492,26,-28,43,1.81,66.30,208.9,1500,1477,-0.25,-2.56,-118.19,1.5101,3.4330,7.5612,0
28.509,24,-29,42,1.71,67.88,209.3,1478,1473,-0.25,-2.56,-118.19,1.5101,3.4330,7.5612,0
28.526,22,-28,43,1.53,66.30,208.9,1478,1478,-0.25,-2.56,-118.19,1.5101,3.4330,7.5612,0
28.543,20,-28,43,1.40,66.30,208.9,1478,1478,-0.68,-2.96,-117.55,1.5101,3.4330,7.5612,0
28.560,17,-29,42,1.21,67.88,209.3,1478,1474,-0.68,-2.96,-117.55,1.5101,3.4330,7.5612,0
28.577,15,-29,42,1.07,67.88,209.3,1478,1476,-0.68,-2.96,-117.55,1.5101,3.4330,7.5612,0
28.594,12,-30,41,0.88,69.53,209.6,1478,1472,-0.68,-2.96,-117.55,2.2020,3.6994,7.6365,0
28.611,9,-30,41,0.66,69.53,209.6,1478,1474,-0.68,-2.96,-117.55,2.2020,3.6994,7.6365,0
28.628,6,-30,41,0.44,69.53,209.6,1478,1475,-0.68,-2.96,-117.55,2.2020,3.6994,7.6365,0
28.645,2,-30,41,0.15,69.53,209.6,1477,1476,-0.68,-2.96,-117.55,2.2020,3.6994,7.6365,0
28.662,-1,-30,41,-0.07,69.53,209.6,1478,1476,-0.68,-2.96,-117.55,2.2020,3.6994,7.6365,0
28.679,-5,-31,40,-0.38,71.27,210.0,1474,1472,-0.68,-2.96,-117.55,2.2020,3.6994,7.6365,0
28.696,-8,-31,40,-0.60,71.27,210.0,1475,1474,-0.68,-2.96,-117.55,2.2020,3.6994,7.6365,0
28.713,-11,-31,40,-0.82,71.27,210.0,1476,1475,-0.68,-2.96,-117.55,2.2020,3.6994,7.6365,0
28.730,-14,-31,40,-1.05,71.27,210.0,1475,1475,-0.68,-2.96,-117.55,2.2020,3.6994,7.6365,0
28.747,-16,-31,40,-1.20,71.27,210.0,1478,1475,-0.68,-2.96,-117.55,2.2020,3.6994,7.6365,0
28.764,-18,-31,40,-1.35,71.27,210.0,1478,1475,-0.68,-2.96,-117.55,2.2020,3.6994,7.6365,0
28.781,-20,-32,39,-1.54,73.10,210.3,1478,1471,-1.36,-2.31,-115.58,2.2020,3.6994,7.6365,0
28.798,-22,-32,39,-1.69,73.10,210.3,1478,1473,-1.36,-2.31,-115.58,2.2020,3.6994,7.6365,0
28.815,-23,-32,39,-1.77,73.10,210.3,1478,1474,-1.36,-2.31,-115.58,2.2020,3.6994,7.6365,0
28.832,-25,-33,38,-1.97,75.02,210.7,1478,1470,-1.36,-2.31,-115.58,2.2020,3.6994,7.6365,0
28.849,-26,-33,38,-2.05,75.02,210.7,1478,1472,-1.36,-2.31,-115.58,2.9992,2.1896,6.6327,0
28.866,-27,-33,38,-2.13,75.02,210.7,1478,1473,-1.36,-2.31,-115.58,2.9992,2.1896,6.6327,0
28.883,-28,-33,38,-2.21,75.02,210.7,1478,1473,-1.36,-2.31,-115.58,2.9992,2.1896,6.6327,0
28.900,-30,-34,37,-2.43,77.05,211.0,1478,1469,-1.36,-2.31,-115.58,2.9992,2.1896,6.6327,0
28.917,-31,-34,37,-2.51,77.05,211.0,1478,1471,-1.36,-2.31,-115.58,2.9992,2.1896,6.6327,0
28.934,-32,-34,37,-2.59,77.05,211.0,1478,1472,-1.36,-2.31,-115.58,2.9992,2.1896,6.6327,0
28.952,-33,-34,37,-2.68,77.05,211.0,1478,1473,-1.36,-2.31,-115.58,2.9992,2.1896,6.6327,0
28.969,-33,-34,37,-2.68,77.05,211.0,1478,1473,-1.36,-2.31,-115.58,2.9992,2.1896,6.6327,0
28.986,-34,-34,37,-2.76,77.05,211.0,1478,1473,-1.36,-2.31,-115.58,2.9992,2.1896,6.6327,0
29.003,-34,-34,37,-2.76,77.05,211.0,1478,1473,-1.36,-2.31,-115.58,2.9992,2.1896,6.6327,0
29.021,-34,-34,37,-2.76,77.05,211.0,1478,1473,-1.36,-2.31,-115.58,2.9992,2.1896,6.6327,0
29.038,-34,-34,37,-2.76,77.05,211.0,1478,1473,-1.70,-1.62,-114.76,2.9992,2.1896,6.6327,0
29.055,-34,-35,36,-2.83,79.19,211.4,1478,1469,-1.70,-1.62,-114.76,2.9992,2.1896,6.6327,0
29.072,-34,-35,36,-2.83,79.19,211.4,1478,1471,-1.70,-1.62,-114.76,2.9992,2.1896,6.6327,0
29.089,-34,-35,36,-2.83,79.19,211.4,1478,1471,-1.70,-1.62,-114.76,2.9992,2.1896,6.6327,0
29.106,-34,-35,36,-2.83,79.19,211.4,1478,1472,-1.70,-1.62,-114.76,3.7389,1.4324,7.4256,0
29.123,-35,-35,36,-2.92,79.19,211.4,1478,1472,-1.70,-1.62,-114.76,3.7389,1.4324,7.4256,0
29.140,-35,-36,35,-3.00,81.45,211.8,1478,1468,-1.70,-1.62,-114.76,3.7389,1.4324,7.4256,0
29.157,-35,-36,35,-3.00,81.45,211.8,1478,1470,-1.70,-1.62,-114.76,3.7389,1.4324,7.4256,0
29.174,-36,-36,35,-3.09,81.45,211.8,1478,1471,-1.70,-1.62,-114.76,3.7389,1.4324,7.4256,0
29.191,-36,-36,35,-3.09,81.45,211.8,1478,1471,-1.70,-1.62,-114.76,3.7389,1.4324,7.4256,0
29.208,-36,-36,35,-3.09,81.45,211.8,1478,1471,-1.70,-1.62,-114.76,3.7389,1.4324,7.4256,0
29.225,-36,-37,34,-3.18,83.85,212.1,1478,1467,-1.70,-1.62,-114.76,3.7389,1.4324,7.4256,0
29.242,-36,-37,34,-3.18,83.85,212.1,1478,1469,-1.70,-1.62,-114.76,3.7389,1.4324,7.4256,0
29.259,-35,-37,34,-3.09,83.85,212.1,1478,1470,-1.70,-1.62,-114.76,3.7389,1.4324,7.4256,0
29.276,-34,-37,34,-3.00,83.85,212.1,1478,1470,-1.96,-2.35,-114.08,3.7389,1.4324,7.4256,0
29.293,-32,-37,34,-2.82,83.85,212.1,1522,1470,-1.96,-2.35,-114.08,3.7389,1.4324,7.4256,0
29.310,-31,-38,33,-2.82,86.39,212.4,1500,1466,-1.96,-2.35,-114.08,3.7389,1.4324,7.4256,0
29.327,-29,-38,33,-2.64,86.39,212.4,1522,1468,-1.96,-2.35,-114.08,3.7389,1.4324,7.4256,0
29.344,-27,-38,33,-2.45,86.39,212.4,1522,1469,-1.96,-2.35,-114.08,3.7389,1.4324,7.4256,0
29.361,-25,-38,33,-2.27,86.39,212.4,1522,1469,-1.96,-2.35,-114.08,3.7389,1.4324,7.4256,0
29.378,-22,-38,33,-2.00,86.39,212.4,1522,1470,-1.96,-2.35,-114.08,3.7389,1.4324,7.4256,0
29.395,-20,-38,33,-1.82,86.39,212.4,1522,1470,-1.96,-2.35,-114.08,3.7389,1.4324,7.4256,0
29.412,-17,-38,33,-1.55,86.39,212.4,1522,1470,-1.96,-2.35,-114.08,3.7389,1.4324,7.4256,0
29.429,-15,-39,32,-1.41,89.09,212.8,1522,1466,-1.96,-2.35,-114.08,3.7389,1.4324,7.4256,0
29.446,-13,-39,32,-1.22,89.09,212.8,1522,1467,-1.96,-2.35,-114.08,3.0399,1.3961,7.9002,0
29.463,-10,-39,32,-0.94,89.09,212.8,1522,1468,-1.96,-2.35,-114.08,3.0399,1.3961,7.9002,0
29.480,-8,-39,32,-0.75,89.09,212.8,1522,1469,-1.96,-2.35,-114.08,3.0399,1.3961,7.9002,0
29.497,-6,-39,32,-0.56,89.09,212.8,1522,1469,-1.96,-2.35,-114.08,3.0399,1.3961,7.9002,0
29.514,-4,-39,32,-0.38,89.09,212.8,1522,1469,-1.96,-2.35,-114.08,3.0399,1.3961,7.9002,0
29.531,-2,-39,32,-0.19,89.09,212.8,1522,1469,-2.00,-3.23,-114.56,3.0399,1.3961,7.9002,0
29.548,0,-40,31,0.00,91.96,213.1,1522,1465,-2.00,-3.23,-114.56,3.0399,1.3961,7.9002,0
29.565,2,-40,31,0.19,91.96,213.1,1522,1467,-2.00,-3.23,-114.56,3.0399,1.3961,7.9002,0
29.582,4,-40,31,0.39,91.96,213.1,1522,1467,-2.00,-3.23,-114.56,3.0399,1.3961,7.9002,0
29.599,7,-40,31,0.68,91.96,213.1,1522,1468,-2.00,-3.23,-114.56,3.0399,1.3961,7.9002,0
29.616,10,-40,31,0.97,91.96,213.1,1522,1468,-2.00,-3.23,-114.56,3.0399,1.3961,7.9002,0
29.633,12,-40,31,1.16,91.96,213.1,1522,1468,-2.00,-3.23,-114.56,3.0399,1.3961,7.9002,0
29.650,15,-40,31,1.45,91.96,213.1,1522,1468,-2.00,-3.23,-114.56,3.0399,1.3961,7.9002,0
29.667,18,-41,30,1.80,95.03,213.5,1524,1464,-2.00,-3.23,-114.56,3.0399,1.3961,7.9002,0
29.684,20,-41,30,2.00,95.03,213.5,1522,1466,-2.00,-3.23,-114.56,3.0399,1.3961,7.9002,0
29.701,23,-41,30,2.30,95.03,213.5,1524,1467,-2.00,-3.23,-114.56,3.0399,1.3961,7.9002,0
29.719,26,-41,30,2.60,95.03,213.5,1526,1467,-2.00,-3.23,-114.56,3.0399,1.3961,7.9002,0
29.736,29,-41,30,2.90,95.03,213.5,1527,1467,-2.00,-3.23,-114.56,3.0399,1.3961,7.9002,0
29.753,31,-41,30,3.10,95.03,213.5,1524,1467,-2.00,-3.23,-114.56,3.0399,1.3961,7.9002,0
29.770,33,-41,30,3.30,95.03,213.5,1523,1467,-2.00,-3.23,-114.56,3.0399,1.3961,7.9002,0
29.787,38,-42,29,3.93,98.31,213.8,1534,1463,-1.29,-2.99,-114.82,3.0399,1.3961,7.9002,0
29.805,40,-42,29,4.14,98.31,213.8,1529,1465,-1.29,-2.99,-114.82,3.0399,1.3961,7.9002,0
29.822,43,-42,29,4.45,98.31,213.8,1531,1466,-1.29,-2.99,-114.82,3.0399,1.3961,7.9002,0
29.839,45,-42,29,4.66,98.31,213.8,1528,1466,-1.29,-2.99,-114.82,3.0399,1.3961,7.9002,0
29.856,47,-42,29,4.86,98.31,213.8,1527,1466,-1.29,-2.99,-114.82,3.0399,1.3961,7.9002,0
29.873,49,-42,29,5.07,98.31,213.8,1527,1467,-1.29,-2.99,-114.82,3.0399,1.3961,7.9002,0
29.890,51,-42,29,5.28,98.31,213.8,1527,1467,-1.29,-2.99,-114.82,3.0399,1.3961,7.9002,0
29.907,52,-42,29,5.38,98.31,213.8,1523,1467,-1.29,-2.99,-114.82,3.0399,1.3961,7.9002,0
29.924,54,-42,29,5.59,98.31,213.8,1526,1467,-1.29,-2.99,-114.82,3.0399,1.3961,7.9002,0
29.941,56,-42,29,5.79,98.31,213.8,1527,1467,-1.29,-2.99,-114.82,3.0399,1.3961,7.9002,0
29.958,58,-42,29,6.00,98.31,213.8,1528,1467,-1.29,-2.99,-114.82,3.0169,1.5681,9.6884,0
29.975,60,-42,29,6.21,98.31,213.8,1529,1467,-1.29,-2.99,-114.82,3.0169,1.5681,9.6884,0
29.991,62,-42,29,6.41,98.31,213.8,1529,1467,-1.29,-2.99,-114.82,3.0169,1.5681,9.6884,0
30.008,64,-42,29,6.62,98.31,213.8,1530,1467,-1.29,-2.99,-114.82,3.0169,1.5681,9.6884,0
30.025,66,-42,29,6.83,98.31,213.8,1530,1467,-1.29,-2.99,-114.82,3.0169,1.5681,9.6884,0
30.042,68,-42,29,7.03,98.31,213.8,1531,1467,-0.48,-2.63,-114.30,3.0169,1.5681,9.6884,0
30.059,70,-43,28,7.50,101.82,214.2,1531,1462,-0.48,-2.63,-114.30,3.0169,1.5681,9.6884,0
30.076,72,-42,29,7.45,98.31,213.8,1532,1468,-0.48,-2.63,-114.30,3.0169,1.5681,9.6884,0
30.093,0,0,0,0.00,-1.00,0.0,1532,1469,-0.48,-2.63,-114.30,3.0169,1.5681,9.6884,0
30.110,77,-43,28,8.25,101.82,214.2,1526,1467,-0.48,-2.63,-114.30,3.0169,1.5681,9.6884,0
30.127,80,-43,28,8.57,101.82,214.2,1534,1466,-0.48,-2.63,-114.30,3.0169,1.5681,9.6884,0
30.144,82,-43,28,8.79,101.82,214.2,1534,1466,-0.48,-2.63,-114.30,3.0169,1.5681,9.6884,0
30.161,85,-43,28,9.11,101.82,214.2,1539,1466,-0.48,-2.63,-114.30,3.0169,1.5681,9.6884,0
30.178,87,-43,28,9.32,101.82,214.2,1537,1466,-0.48,-2.63,-114.30,3.0169,1.5681,9.6884,0
30.195,90,-43,28,9.64,101.82,214.2,1541,1466,-0.48,-2.63,-114.30,3.0169,1.5681,9.6884,0
30.212,93,-43,28,9.96,101.82,214.2,1543,1466,-0.48,-2.63,-114.30,3.0169,1.5681,9.6884,0
30.229,96,-43,28,10.29,101.82,214.2,1544,1466,-0.48,-2.63,-114.30,3.0169,1.5681,9.6884,0
30.246,99,-43,28,10.61,101.82,214.2,1545,1466,-0.48,-2.63,-114.30,3.0169,1.5681,9.6884,0
30.263,102,-43,28,10.93,101.82,214.2,1546,1466,-0.48,-2.63,-114.30,3.0169,1.5681,9.6884,0
30.280,104,-43,28,11.14,101.82,214.2,1543,1466,0.24,-1.84,-114.52,3.0169,1.5681,9.6884,0
30.297,107,-43,28,11.46,101.82,214.2,1546,1466,0.24,-1.84,-114.52,3.0169,1.5681,9.6884,0
30.314,110,-43,28,11.79,101.82,214.2,1547,1466,0.24,-1.84,-114.52,3.0169,1.5681,9.6884,0
30.331,112,-43,28,12.00,101.82,214.2,1545,1466,0.24,-1.84,-114.52,3.0169,1.5681,9.6884,0
30.348,114,-43,28,12.21,101.82,214.2,1544,1466,0.24,-1.84,-114.52,3.0169,1.5681,9.6884,0
30.365,117,-43,28,12.54,101.82,214.2,1547,1466,0.24,-1.84,-114.52,3.0169,1.5681,9.6884,0
30.382,119,-43,28,12.75,101.82,214.2,1546,1466,0.24,-1.84,-114.52,3.0169,1.5681,9.6884,0
30.399,122,-43,28,13.07,101.82,214.2,1549,1466,0.24,-1.84,-114.52,3.0169,1.5681,9.6884,0
30.416,124,-43,28,13.29,101.82,214.2,1547,1466,0.24,-1.84,-114.52,3.0169,1.5681,9.6884,0
30.433,127,-43,28,13.61,101.82,214.2,1550,1466,0.24,-1.84,-114.52,3.0169,1.5681,9.6884,0
30.451,129,-43,28,13.82,101.82,214.2,1548,1466,0.24,-1.84,-114.52,3.1293,1.8976,8.2725,0
30.468,131,-43,28,14.04,101.82,214.2,1547,1466,0.24,-1.84,-114.52,3.1293,1.8976,8.2725,0
30.485,132,-43,28,14.14,101.82,214.2,1544,1466,0.24,-1.84,-114.52,3.1293,1.8976,8.2725,0
30.504,134,-43,28,14.36,101.82,214.2,1545,1466,0.24,-1.84,-114.52,3.1293,1.8976,8.2725,0
30.521,137,-43,28,14.68,101.82,214.2,1543,1466,0.24,-1.84,-114.52,3.1293,1.8976,8.2725,0
30.538,138,-43,28,14.79,101.82,214.2,1549,1466,0.94,-2.14,-115.00,3.1293,1.8976,8.2725,0
30.555,139,-43,28,14.89,101.82,214.2,1545,1466,0.94,-2.14,-115.00,3.1293,1.8976,8.2725,0
30.572,140,-43,28,15.00,101.82,214.2,1544,1466,0.94,-2.14,-115.00,3.1293,1.8976,8.2725,0
30.589,140,-43,28,15.00,101.82,214.2,1539,1466,0.94,-2.14,-115.00,3.1293,1.8976,8.2725,0
30.606,141,-43,28,15.11,101.82,214.2,1541,1466,0.94,-2.14,-115.00,3.1293,1.8976,8.2725,0
30.623,141,-43,28,15.11,101.82,214.2,1538,1466,0.94,-2.14,-115.00,3.1293,1.8976,8.2725,0
30.640,141,-43,28,15.11,101.82,214.2,1536,1466,0.94,-2.14,-115.00,3.1293,1.8976,8.2725,0
30.657,141,-43,28,15.11,101.82,214.2,1536,1466,0.94,-2.14,-115.00,3.1293,1.8976,8.2725,0
30.674,141,-43,28,15.11,101.82,214.2,1535,1466,0.94,-2.14,-115.00,3.1293,1.8976,8.2725,0
30.691,141,-43,28,15.11,101.82,214.2,1535,1466,0.94,-2.14,-115.00,3.1293,1.8976,8.2725,0
30.708,140,-43,28,15.00,101.82,214.2,1531,1466,0.94,-2.14,-115.00,3.1293,1.8976,8.2725,0
30.726,140,-43,28,15.00,101.82,214.2,1533,1466,0.94,-2.14,-115.00,3.1293,1.8976,8.2725,0
30.743,140,-43,28,15.00,101.82,214.2,1534,1466,0.94,-2.14,-115.00,3.1293,1.8976,8.2725,0
30.760,139,-43,28,14.89,101.82,214.2,1530,1466,0.94,-2.14,-115.00,3.1293,1.8976,8.2725,0
30.777,139,-43,28,14.89,101.82,214.2,1532,1466,0.58,-2.51,-114.57,3.1293,1.8976,8.2725,0
30.794,138,-44,27,15.33,105.59,214.5,1530,1462,0.58,-2.51,-114.57,3.1293,1.8976,8.2725,0
30.811,138,-44,27,15.33,105.59,214.5,1532,1463,0.58,-2.51,-114.57,3.1293,1.8976,8.2725,0
30.828,137,-44,27,15.22,105.59,214.5,1529,1464,0.58,-2.51,-114.57,3.1293,1.8976,8.2725,0
30.844,137,-44,27,15.22,105.59,214.5,1532,1465,0.58,-2.51,-114.57,3.1293,1.8976,8.2725,0
30.861,136,-44,27,15.11,105.59,214.5,1529,1465,0.58,-2.51,-114.57,3.1293,1.8976,8.2725,0
30.878,135,-44,27,15.00,105.59,214.5,1527,1465,0.58,-2.51,-114.57,3.1293,1.8976,8.2725,0
30.895,135,-44,27,15.00,105.59,214.5,1530,1465,0.58,-2.51,-114.57,3.1293,1.8976,8.2725,0
30.912,135,-44,27,15.00,105.59,214.5,1532,1465,0.58,-2.51,-114.57,3.1293,1.8976,8.2725,0
30.929,134,-44,27,14.89,105.59,214.5,1529,1465,0.58,-2.51,-114.57,3.1293,1.8976,8.2725,0
30.946,134,-44,27,14.89,105.59,214.5,1531,1465,0.58,-2.51,-114.57,3.1293,1.8976,8.2725,0
30.963,133,-44,27,14.78,105.59,214.5,1528,1465,0.58,-2.51,-114.57,2.4518,2.1538,6.7361,0
30.980,132,-43,28,14.14,101.82,214.2,1527,1469,0.58,-2.51,-114.57,2.4518,2.1538,6.7361,0
30.997,132,-44,27,14.67,105.59,214.5,1530,1463,0.58,-2.51,-114.57,2.4518,2.1538,6.7361,0
31.014,132,-44,27,14.67,105.59,214.5,1531,1464,0.58,-2.51,-114.57,2.4518,2.1538,6.7361,0
31.031,132,-44,27,14.67,105.59,214.5,1532,1465,-0.05,-3.01,-114.34,2.4518,2.1538,6.7361,0
31.048,132,-44,27,14.67,105.59,214.5,1532,1465,-0.05,-3.01,-114.34,2.4518,2.1538,6.7361,0
31.065,132,-44,27,14.67,105.59,214.5,1532,1465,-0.05,-3.01,-114.34,2.4518,2.1538,6.7361,0
31.083,132,-43,28,14.14,101.82,214.2,1533,1469,-0.05,-3.01,-114.34,2.4518,2.1538,6.7361,0
31.100,132,-44,27,14.67,105.59,214.5,1533,1463,-0.05,-3.01,-114.34,2.4518,2.1538,6.7361,0
31.117,131,-44,27,14.56,105.59,214.5,1529,1464,-0.05,-3.01,-114.34,2.4518,2.1538,6.7361,0
31.134,131,-44,27,14.56,105.59,214.5,1531,1465,-0.05,-3.01,-114.34,2.4518,2.1538,6.7361,0
31.151,131,-43,28,14.04,101.82,214.2,1531,1469,-0.05,-3.01,-114.34,2.4518,2.1538,6.7361,0
31.168,130,-44,27,14.44,105.59,214.5,1528,1463,-0.05,-3.01,-114.34,2.4518,2.1538,6.7361,0
31.185,130,-44,27,14.44,105.59,214.5,1530,1464,-0.05,-3.01,-114.34,2.4518,2.1538,6.7361,0
31.203,130,-44,27,14.44,105.59,214.5,1531,1465,-0.05,-3.01,-114.34,2.4518,2.1538,6.7361,0
31.220,130,-44,27,14.44,105.59,214.5,1532,1465,-0.05,-3.01,-114.34,2.4518,2.1538,6.7361,0
31.237,130,-44,27,14.44,105.59,214.5,1532,1465,-0.05,-3.01,-114.34,2.4518,2.1538,6.7361,0
31.254,131,-43,28,14.04,101.82,214.2,1536,1469,-0.05,-3.01,-114.34,2.4518,2.1538,6.7361,0
31.271,131,-43,28,14.04,101.82,214.2,1534,1468,-0.05,-3.01,-114.34,2.4518,2.1538,6.7361,0
31.288,131,-44,27,14.56,105.59,214.5,1533,1462,-0.12,-3.04,-114.77,2.4518,2.1538,6.7361,0
31.305,131,-44,27,14.56,105.59,214.5,1533,1464,-0.12,-3.04,-114.77,2.4518,2.1538,6.7361,0
31.322,132,-43,28,14.14,101.82,214.2,1536,1469,-0.12,-3.04,-114.77,2.4518,2.1538,6.7361,0
31.339,132,-43,28,14.14,101.82,214.2,1534,1467,-0.12,-3.04,-114.77,2.4518,2.1538,6.7361,0
31.356,133,-43,28,14.25,101.82,214.2,1537,1467,-0.12,-3.04,-114.77,2.4518,2.1538,6.7361,0
31.373,133,-43,28,14.25,101.82,214.2,1535,1466,-0.12,-3.04,-114.77,2.4518,2.1538,6.7361,0
31.390,133,-43,28,14.25,101.82,214.2,1534,1466,-0.12,-3.04,-114.77,2.4518,2.1538,6.7361,0
31.407,134,-43,28,14.36,101.82,214.2,1537,1466,-0.12,-3.04,-114.77,2.4518,2.1538,6.7361,0
31.423,134,-43,28,14.36,101.82,214.2,1535,1466,-0.12,-3.04,-114.77,2.4518,2.1538,6.7361,0
31.440,133,-43,28,14.25,101.82,214.2,1530,1466,-0.12,-3.04,-114.77,2.4518,2.1538,6.7361,0
31.457,133,-43,28,14.25,101.82,214.2,1532,1466,-0.12,-3.04,-114.77,2.4518,2.1538,6.7361,0
31.474,133,-42,29,13.76,98.31,213.8,1532,1470,-0.12,-3.04,-114.77,2.4518,2.1538,6.7361,0
31.491,133,-42,29,13.76,98.31,213.8,1533,1468,-0.12,-3.04,-114.77,2.4518,2.1538,6.7361,0
31.508,133,-42,29,13.76,98.31,213.8,1533,1468,-0.12,-3.04,-114.77,2.4518,2.1538,6.7361,0
31.525,133,-42,29,13.76,98.31,213.8,1533,1467,-0.06,-2.81,-115.18,2.4518,2.1538,6.7361,0
31.542,133,-42,29,13.76,98.31,213.8,1533,1467,-0.06,-2.81,-115.18,2.4518,2.1538,6.7361,0
31.559,134,-42,29,13.86,98.31,213.8,1537,1467,-0.06,-2.81,-115.18,2.4518,2.1538,6.7361,0
31.576,135,-42,29,13.97,98.31,213.8,1539,1467,-0.06,-2.81,-115.18,2.4518,2.1538,6.7361,0
31.593,135,-42,29,13.97,98.31,213.8,1536,1467,-0.06,-2.81,-115.18,3.6196,1.8060,6.8691,0
31.610,135,-42,29,13.97,98.31,213.8,1535,1467,-0.06,-2.81,-115.18,3.6196,1.8060,6.8691,0
31.627,135,-42,29,13.97,98.31,213.8,1534,1467,-0.06,-2.81,-115.18,3.6196,1.8060,6.8691,0
31.644,134,-42,29,13.86,98.31,213.8,1530,1467,-0.06,-2.81,-115.18,3.6196,1.8060,6.8691,0
31.661,134,-42,29,13.86,98.31,213.8,1531,1467,-0.06,-2.81,-115.18,3.6196,1.8060,6.8691,0
31.678,134,-41,30,13.40,95.03,213.5,1532,1471,-0.06,-2.81,-115.18,3.6196,1.8060,6.8691,0
31.695,133,-41,30,13.30,95.03,213.5,1529,1469,-0.06,-2.81,-115.18,3.6196,1.8060,6.8691,0
31.712,133,-41,30,13.30,95.03,213.5,1531,1468,-0.06,-2.81,-115.18,3.6196,1.8060,6.8691,0
31.729,132,-41,30,13.20,95.03,213.5,1528,1468,-0.06,-2.81,-115.18,3.6196,1.8060,6.8691,0
31.746,131,-41,30,13.10,95.03,213.5,1527,1468,-0.06,-2.81,-115.18,3.6196,1.8060,6.8691,0
31.763,129,-41,30,12.90,95.03,213.5,1522,1468,-0.06,-2.81,-115.18,3.6196,1.8060,6.8691,0
31.780,127,-41,30,12.70,95.03,213.5,1522,1468,-0.09,-2.74,-115.59,3.6196,1.8060,6.8691,0
31.797,126,-41,30,12.60,95.03,213.5,1522,1468,-0.09,-2.74,-115.59,3.6196,1.8060,6.8691,0
31.814,124,-41,30,12.40,95.03,213.5,1522,1468,-0.09,-2.74,-115.59,3.6196,1.8060,6.8691,0
31.832,122,-41,30,12.20,95.03,213.5,1522,1468,-0.09,-2.74,-115.59,3.6196,1.8060,6.8691,0
31.849,120,-41,30,12.00,95.03,213.5,1522,1468,-0.09,-2.74,-115.59,3.4929,2.3301,5.6701,0
31.867,118,-41,30,11.80,95.03,213.5,1522,1468,-0.09,-2.74,-115.59,3.4929,2.3301,5.6701,0
31.885,116,-40,31,11.23,91.96,213.1,1522,1472,-0.09,-2.74,-115.59,3.4929,2.3301,5.6701,0
31.902,112,-40,31,10.84,91.96,213.1,1522,1470,-0.09,-2.74,-115.59,3.4929,2.3301,5.6701,0
31.920,110,-40,31,10.65,91.96,213.1,1522,1469,-0.09,-2.74,-115.59,3.4929,2.3301,5.6701,0
31.937,108,-40,31,10.45,91.96,213.1,1522,1469,-0.09,-2.74,-115.59,3.4929,2.3301,5.6701,0
31.954,106,-40,31,10.26,91.96,213.1,1522,1469,-0.09,-2.74,-115.59,3.4929,2.3301,5.6701,0
31.971,104,-40,31,10.06,91.96,213.1,1522,1468,-0.09,-2.74,-115.59,3.4929,2.3301,5.6701,0
31.988,102,-40,31,9.87,91.96,213.1,1522,1468,-0.09,-2.74,-115.59,3.4929,2.3301,5.6701,0
32.004,101,-40,31,9.77,91.96,213.1,1522,1468,-0.09,-2.74,-115.59,3.4929,2.3301,5.6701,0
32.021,99,-40,31,9.58,91.96,213.1,1522,1468,-0.09,-2.74,-115.59,3.4929,2.3301,5.6701,0
32.038,98,-40,31,9.48,91.96,213.1,1522,1468,-0.51,-2.46,-115.15,3.4929,2.3301,5.6701,0
32.055,97,-39,32,9.09,89.09,212.8,1522,1473,-0.51,-2.46,-115.15,3.4929,2.3301,5.6701,0
32.072,95,-39,32,8.91,89.09,212.8,1522,1471,-0.51,-2.46,-115.15,3.4929,2.3301,5.6701,0
32.089,94,-39,32,8.81,89.09,212.8,1522,1470,-0.51,-2.46,-115.15,4.1526,2.0097,7.2172,0
32.106,93,-39,32,8.72,89.09,212.8,1522,1470,-0.51,-2.46,-115.15,4.1526,2.0097,7.2172,0
32.123,92,-39,32,8.62,89.09,212.8,1522,1469,-0.51,-2.46,-115.15,4.1526,2.0097,7.2172,0
32.140,91,-39,32,8.53,89.09,212.8,1522,1469,-0.51,-2.46,-115.15,4.1526,2.0097,7.2172,0
32.157,90,-39,32,8.44,89.09,212.8,1522,1469,-0.51,-2.46,-115.15,4.1526,2.0097,7.2172,0
32.174,89,-38,33,8.09,86.39,212.4,1522,1473,-0.51,-2.46,-115.15,4.1526,2.0097,7.2172,0
32.191,89,-38,33,8.09,86.39,212.4,1522,1472,-0.51,-2.46,-115.15,4.1526,2.0097,7.2172,0
32.208,88,-38,33,8.00,86.39,212.4,1522,1471,-0.51,-2.46,-115.15,4.1526,2.0097,7.2172,0
32.225,88,-38,33,8.00,86.39,212.4,1522,1470,-0.51,-2.46,-115.15,4.1526,2.0097,7.2172,0
32.242,88,-38,33,8.00,86.39,212.4,1522,1470,-0.51,-2.46,-115.15,4.1526,2.0097,7.2172,0
32.259,88,-38,33,8.00,86.39,212.4,1522,1470,-0.51,-2.46,-115.15,4.1526,2.0097,7.2172,0
32.276,88,-37,34,7.76,83.85,212.1,1522,1474,-0.89,-1.97,-115.67,4.1526,2.0097,7.2172,0
32.293,88,-37,34,7.76,83.85,212.1,1522,1472,-0.89,-1.97,-115.67,4.1526,2.0097,7.2172,0
32.310,88,-37,34,7.76,83.85,212.1,1522,1472,-0.89,-1.97,-115.67,4.1526,2.0097,7.2172,0
32.327,88,-37,34,7.76,83.85,212.1,1522,1471,-0.89,-1.97,-115.67,4.1526,2.0097,7.2172,0
32.344,88,-37,34,7.76,83.85,212.1,1522,1471,-0.89,-1.97,-115.67,3.2802,2.1983,6.4499,0
32.361,88,-36,35,7.54,81.45,211.8,1522,1475,-0.89,-1.97,-115.67,3.2802,2.1983,6.4499,0
32.378,87,-36,35,7.46,81.45,211.8,1522,1473,-0.89,-1.97,-115.67,3.2802,2.1983,6.4499,0
32.395,87,-36,35,7.46,81.45,211.8,1522,1472,-0.89,-1.97,-115.67,3.2802,2.1983,6.4499,0
32.412,86,-36,35,7.37,81.45,211.8,1522,1472,-0.89,-1.97,-115.67,3.2802,2.1983,6.4499,0
32.429,86,-36,35,7.37,81.45,211.8,1522,1472,-0.89,-1.97,-115.67,3.2802,2.1983,6.4499,0
32.446,85,-36,35,7.29,81.45,211.8,1522,1472,-0.89,-1.97,-115.67,3.2802,2.1983,6.4499,0
32.463,84,-36,35,7.20,81.45,211.8,1522,1472,-0.89,-1.97,-115.67,3.2802,2.1983,6.4499,0
32.480,84,-36,35,7.20,81.45,211.8,1522,1472,-0.89,-1.97,-115.67,3.2802,2.1983,6.4499,0
32.497,83,-35,36,6.92,79.19,211.4,1522,1476,-0.89,-1.97,-115.67,3.2802,2.1983,6.4499,0
32.514,82,-35,36,6.83,79.19,211.4,1522,1474,-0.89,-1.97,-115.67,3.2802,2.1983,6.4499,0
32.531,80,-35,36,6.67,79.19,211.4,1522,1473,-1.25,-1.63,-116.20,3.2802,2.1983,6.4499,0
32.549,79,-35,36,6.58,79.19,211.4,1522,1473,-1.25,-1.63,-116.20,3.2802,2.1983,6.4499,0
32.566,78,-34,37,6.32,77.05,211.0,1522,1477,-1.25,-1.63,-116.20,3.2802,2.1983,6.4499,0
32.583,76,-34,37,6.16,77.05,211.0,1522,1475,-1.25,-1.63,-116.20,3.2802,2.1983,6.4499,0
32.601,73,-34,37,5.92,77.05,211.0,1522,1474,-1.25,-1.63,-116.20,3.1638,2.6851,6.7062,0
32.618,71,-34,37,5.76,77.05,211.0,1522,1474,-1.25,-1.63,-116.20,3.1638,2.6851,6.7062,0
32.635,69,-33,38,5.45,75.02,210.7,1522,1478,-1.25,-1.63,-116.20,3.1638,2.6851,6.7062,0
32.652,68,-33,38,5.37,75.02,210.7,1522,1476,-1.25,-1.63,-116.20,3.1638,2.6851,6.7062,0
32.669,66,-33,38,5.21,75.02,210.7,1522,1475,-1.25,-1.63,-116.20,3.1638,2.6851,6.7062,0
32.686,65,-33,38,5.13,75.02,210.7,1522,1474,-1.25,-1.63,-116.20,3.1638,2.6851,6.7062,0
32.703,64,-33,38,5.05,75.02,210.7,1522,1474,-1.25,-1.63,-116.20,3.1638,2.6851,6.7062,0
32.720,64,-32,39,4.92,73.10,210.3,1522,1478,-1.25,-1.63,-116.20,3.1638,2.6851,6.7062,0
32.737,62,-32,39,4.77,73.10,210.3,1522,1477,-1.25,-1.63,-116.20,3.1638,2.6851,6.7062,0
32.754,62,-32,39,4.77,73.10,210.3,1522,1476,-1.25,-1.63,-116.20,3.1638,2.6851,6.7062,0
32.771,61,-32,39,4.69,73.10,210.3,1522,1475,-1.25,-1.63,-116.20,3.1638,2.6851,6.7062,0
32.788,61,-32,39,4.69,73.10,210.3,1522,1475,-1.37,-1.11,-115.52,3.1638,2.6851,6.7062,0
32.805,60,-32,39,4.62,73.10,210.3,1522,1475,-1.37,-1.11,-115.52,3.1638,2.6851,6.7062,0
32.822,60,-31,40,4.50,71.27,210.0,1522,1478,-1.37,-1.11,-115.52,3.1638,2.6851,6.7062,0
32.839,59,-31,40,4.42,71.27,210.0,1522,1477,-1.37,-1.11,-115.52,4.2311,2.0945,7.0754,0
32.855,59,-31,40,4.42,71.27,210.0,1522,1476,-1.37,-1.11,-115.52,4.2311,2.0945,7.0754,0
32.872,59,-31,40,4.42,71.27,210.0,1522,1476,-1.37,-1.11,-115.52,4.2311,2.0945,7.0754,0
32.889,58,-31,40,4.35,71.27,210.0,1522,1476,-1.37,-1.11,-115.52,4.2311,2.0945,7.0754,0
32.906,58,-31,40,4.35,71.27,210.0,1522,1476,-1.37,-1.11,-115.52,4.2311,2.0945,7.0754,0
32.923,57,-30,41,4.17,69.53,209.6,1522,1478,-1.37,-1.11,-115.52,4.2311,2.0945,7.0754,0
32.940,57,-30,41,4.17,69.53,209.6,1522,1478,-1.37,-1.11,-115.52,4.2311,2.0945,7.0754,0
32.957,56,-30,41,4.10,69.53,209.6,1522,1477,-1.37,-1.11,-115.52,4.2311,2.0945,7.0754,0
32.974,56,-30,41,4.10,69.53,209.6,1522,1477,-1.37,-1.11,-115.52,4.2311,2.0945,7.0754,0
32.991,56,-30,41,4.10,69.53,209.6,1522,1477,-1.37,-1.11,-115.52,4.2311,2.0945,7.0754,0
33.008,56,-29,42,4.00,67.88,209.3,1522,1478,-1.37,-1.11,-115.52,4.2311,2.0945,7.0754,0
33.025,56,-29,42,4.00,67.88,209.3,1522,1478,-1.37,-1.11,-115.52,4.2311,2.0945,7.0754,0
33.042,55,-29,42,3.93,67.88,209.3,1522,1478,-1.01,-0.75,-115.05,4.2311,2.0945,7.0754,0
33.059,56,-29,42,4.00,67.88,209.3,1522,1478,-1.01,-0.75,-115.05,4.2311,2.0945,7.0754,0
33.076,56,-29,42,4.00,67.88,209.3,1522,1477,-1.01,-0.75,-115.05,4.2311,2.0945,7.0754,0
33.093,56,-29,42,4.00,67.88,209.3,1522,1477,-1.01,-0.75,-115.05,4.5515,1.2719,8.1304,0
33.110,56,-28,43,3.91,66.30,208.9,1522,1478,-1.01,-0.75,-115.05,4.5515,1.2719,8.1304,0
33.127,57,-28,43,3.98,66.30,208.9,1522,1478,-1.01,-0.75,-115.05,4.5515,1.2719,8.1304,0
33.145,57,-28,43,3.98,66.30,208.9,1522,1478,-1.01,-0.75,-115.05,4.5515,1.2719,8.1304,0
33.162,57,-28,43,3.98,66.30,208.9,1522,1478,-1.01,-0.75,-115.05,4.5515,1.2719,8.1304,0
33.179,58,-28,43,4.05,66.30,208.9,1522,1478,-1.01,-0.75,-115.05,4.5515,1.2719,8.1304,0
33.196,58,-28,43,4.05,66.30,208.9,1522,1478,-1.01,-0.75,-115.05,4.5515,1.2719,8.1304,0
33.213,59,-27,44,4.02,64.79,208.6,1522,1478,-1.01,-0.75,-115.05,4.5515,1.2719,8.1304,0
33.230,60,-27,44,4.09,64.79,208.6,1522,1478,-1.01,-0.75,-115.05,4.5515,1.2719,8.1304,0
33.248,61,-27,44,4.16,64.79,208.6,1522,1478,-1.01,-0.75,-115.05,4.5515,1.2719,8.1304,0
33.265,63,-27,44,4.30,64.79,208.6,1526,1478,-1.01,-0.75,-115.05,4.5515,1.2719,8.1304,0
33.282,65,-27,44,4.43,64.79,208.6,1528,1478,-0.24,-0.78,-114.85,4.5515,1.2719,8.1304,0
33.299,65,-27,44,4.43,64.79,208.6,1522,1478,-0.24,-0.78,-114.85,4.5515,1.2719,8.1304,0
33.316,69,-27,44,4.70,64.79,208.6,1534,1478,-0.24,-0.78,-114.85,4.5515,1.2719,8.1304,0
33.333,71,-27,44,4.84,64.79,208.6,1533,1478,-0.24,-0.78,-114.85,4.5515,1.2719,8.1304,0
33.350,75,-26,45,5.00,63.35,208.2,1533,1478,-0.24,-0.78,-114.85,4.4778,0.7227,8.4320,0
33.367,77,-26,45,5.13,63.35,208.2,1540,1478,-0.24,-0.78,-114.85,4.4778,0.7227,8.4320,0
33.384,80,-26,45,5.33,63.35,208.2,1541,1478,-0.24,-0.78,-114.85,4.4778,0.7227,8.4320,0
33.401,82,-26,45,5.47,63.35,208.2,1538,1478,-0.24,-0.78,-114.85,4.4778,0.7227,8.4320,0
33.418,83,-26,45,5.53,63.35,208.2,1533,1478,-0.24,-0.78,-114.85,4.4778,0.7227,8.4320,0
33.435,85,-25,46,5.54,61.98,207.9,1534,1478,-0.24,-0.78,-114.85,4.4778,0.7227,8.4320,0
33.452,87,-25,46,5.67,61.98,207.9,1535,1478,-0.24,-0.78,-114.85,4.4778,0.7227,8.4320,0
33.469,89,-25,46,5.80,61.98,207.9,1536,1478,-0.24,-0.78,-114.85,4.4778,0.7227,8.4320,0
33.486,90,-25,46,5.87,61.98,207.9,1533,1478,-0.24,-0.78,-114.85,4.4778,0.7227,8.4320,0
33.503,91,-25,46,5.93,61.98,207.9,1531,1478,-0.24,-0.78,-114.85,4.4778,0.7227,8.4320,0
33.520,92,-25,46,6.00,61.98,207.9,1531,1478,-0.24,-0.78,-114.85,4.4778,0.7227,8.4320,0
33.537,93,-25,46,6.07,61.98,207.9,1530,1478,0.32,-1.33,-115.50,4.4778,0.7227,8.4320,0
33.554,94,-25,46,6.13,61.98,207.9,1530,1478,0.32,-1.33,-115.50,4.4778,0.7227,8.4320,0
33.571,94,-24,47,6.00,60.66,207.5,1527,1478,0.32,-1.33,-115.50,4.4778,0.7227,8.4320,0
33.588,93,-25,46,6.07,61.98,207.9,1522,1478,0.32,-1.33,-115.50,4.4778,0.7227,8.4320,0
33.605,93,-25,46,6.07,61.98,207.9,1522,1478,0.32,-1.33,-115.50,3.4348,2.0543,7.3552,0
33.622,92,-25,46,6.00,61.98,207.9,1522,1478,0.32,-1.33,-115.50,3.4348,2.0543,7.3552,0
33.639,92,-25,46,6.00,61.98,207.9,1522,1478,0.32,-1.33,-115.50,3.4348,2.0543,7.3552,0
33.656,92,-25,46,6.00,61.98,207.9,1522,1478,0.32,-1.33,-115.50,3.4348,2.0543,7.3552,0
33.673,92,-25,46,6.00,61.98,207.9,1522,1478,0.32,-1.33,-115.50,3.4348,2.0543,7.3552,0
33.690,92,-25,46,6.00,61.98,207.9,1522,1478,0.32,-1.33,-115.50,3.4348,2.0543,7.3552,0
33.707,92,-25,46,6.00,61.98,207.9,1522,1478,0.32,-1.33,-115.50,3.4348,2.0543,7.3552,0
33.724,92,-24,47,5.87,60.66,207.5,1523,1478,0.32,-1.33,-115.50,3.4348,2.0543,7.3552,0
33.741,92,-24,47,5.87,60.66,207.5,1523,1478,0.32,-1.33,-115.50,3.4348,2.0543,7.3552,0
33.758,92,-24,47,5.87,60.66,207.5,1523,1478,0.32,-1.33,-115.50,3.4348,2.0543,7.3552,0
33.775,92,-24,47,5.87,60.66,207.5,1523,1478,0.32,-1.33,-115.50,3.4348,2.0543,7.3552,0
33.792,92,-23,48,5.75,59.39,207.2,1523,1478,0.52,-1.25,-115.21,3.4348,2.0543,7.3552,0
33.809,92,-23,48,5.75,59.39,207.2,1523,1478,0.52,-1.25,-115.21,3.4348,2.0543,7.3552,0
33.826,91,-23,48,5.69,59.39,207.2,1522,1478,0.52,-1.25,-115.21,3.4348,2.0543,7.3552,0
33.843,90,-23,48,5.62,59.39,207.2,1522,1478,0.52,-1.25,-115.21,3.6405,1.7715,6.3986,0
33.860,90,-23,48,5.62,59.39,207.2,1522,1478,0.52,-1.25,-115.21,3.6405,1.7715,6.3986,0
33.877,89,-23,48,5.56,59.39,207.2,1522,1478,0.52,-1.25,-115.21,3.6405,1.7715,6.3986,0
33.894,89,-23,48,5.56,59.39,207.2,1522,1478,0.52,-1.25,-115.21,3.6405,1.7715,6.3986,0
33.911,89,-23,48,5.56,59.39,207.2,1522,1478,0.52,-1.25,-115.21,3.6405,1.7715,6.3986,0
33.929,88,-22,49,5.39,58.18,206.8,1522,1478,0.52,-1.25,-115.21,3.6405,1.7715,6.3986,0
33.946,88,-22,49,5.39,58.18,206.8,1522,1478,0.52,-1.25,-115.21,3.6405,1.7715,6.3986,0
33.964,88,-22,49,5.39,58.18,206.8,1522,1478,0.52,-1.25,-115.21,3.6405,1.7715,6.3986,0
33.981,88,-22,49,5.39,58.18,206.8,1522,1478,0.52,-1.25,-115.21,3.6405,1.7715,6.3986,0
33.998,89,-21,50,5.34,57.02,206.5,1525,1478,0.52,-1.25,-115.21,3.6405,1.7715,6.3986,0
34.015,89,-21,50,5.34,57.02,206.5,1523,1478,0.52,-1.25,-115.21,3.6405,1.7715,6.3986,0
34.033,89,-21,50,5.34,57.02,206.5,1523,1478,0.50,-0.97,-115.54,3.6405,1.7715,6.3986,0
34.050,89,-21,50,5.34,57.02,206.5,1522,1478,0.50,-0.97,-115.54,3.6405,1.7715,6.3986,0
34.067,88,-20,51,5.18,55.90,206.1,1522,1478,0.50,-0.97,-115.54,3.6405,1.7715,6.3986,0
34.084,87,-20,51,5.12,55.90,206.1,1522,1478,0.50,-0.97,-115.54,3.6405,1.7715,6.3986,0
34.101,86,-20,51,5.06,55.90,206.1,1522,1478,0.50,-0.97,-115.54,3.8759,2.1292,6.8286,0
34.118,85,-20,51,5.00,55.90,206.1,1522,1478,0.50,-0.97,-115.54,3.8759,2.1292,6.8286,0
34.135,84,-20,51,4.94,55.90,206.1,1522,1478,0.50,-0.97,-115.54,3.8759,2.1292,6.8286,0
34.152,83,-20,51,4.88,55.90,206.1,1522,1478,0.50,-0.97,-115.54,3.8759,2.1292,6.8286,0
34.168,81,-20,51,4.76,55.90,206.1,1522,1478,0.50,-0.97,-115.54,3.8759,2.1292,6.8286,0
34.185,80,-20,51,4.71,55.90,206.1,1522,1478,0.50,-0.97,-115.54,3.8759,2.1292,6.8286,0
34.202,78,-19,52,4.50,54.83,205.8,1522,1478,0.50,-0.97,-115.54,3.8759,2.1292,6.8286,1
34.219,76,-19,52,4.38,54.83,205.8,1522,1478,0.50,-0.97,-115.54,3.8759,2.1292,6.8286,1
34.236,73,-19,52,4.21,54.83,205.8,1500,1478,0.50,-0.97,-115.54,3.8759,2.1292,6.8286,1
34.253,71,-19,52,4.10,54.83,205.8,1522,1478,0.50,-0.97,-115.54,3.8759,2.1292,6.8286,1
34.271,68,-19,52,3.92,54.83,205.8,1500,1478,0.50,-0.97,-115.54,3.8759,2.1292,6.8286,1
34.287,66,-19,52,3.81,54.83,205.8,1500,1478,-0.53,-1.14,-115.62,3.8759,2.1292,6.8286,1
34.304,63,-19,52,3.63,54.83,205.8,1478,1478,-0.53,-1.14,-115.62,3.8759,2.1292,6.8286,1
34.321,61,-19,52,3.52,54.83,205.8,1500,1478,-0.53,-1.14,-115.62,3.8759,2.1292,6.8286,1
34.338,58,-19,52,3.35,54.83,205.8,1478,1478,-0.53,-1.14,-115.62,3.7461,2.1413,6.4046,1
34.355,55,-19,52,3.17,54.83,205.8,1478,1478,-0.53,-1.14,-115.62,3.7461,2.1413,6.4046,1
34.372,52,-19,52,3.00,54.83,205.8,1478,1478,-0.53,-1.14,-115.62,3.7461,2.1413,6.4046,1
34.389,49,-19,52,2.83,54.83,205.8,1478,1478,-0.53,-1.14,-115.62,3.7461,2.1413,6.4046,1
34.406,47,-18,53,2.66,53.79,205.4,1478,1478,-0.53,-1.14,-115.62,3.7461,2.1413,6.4046,1
34.423,44,-18,53,2.49,53.79,205.4,1478,1478,-0.53,-1.14,-115.62,3.7461,2.1413,6.4046,1
34.440,41,-18,53,2.32,53.79,205.4,1478,1478,-0.53,-1.14,-115.62,3.7461,2.1413,6.4046,1
34.457,39,-18,53,2.21,53.79,205.4,1478,1478,-0.53,-1.14,-115.62,3.7461,2.1413,6.4046,1
34.474,36,-18,53,2.04,53.79,205.4,1478,1478,-0.53,-1.14,-115.62,3.7461,2.1413,6.4046,1
34.491,33,-18,53,1.87,53.79,205.4,1478,1478,-0.53,-1.14,-115.62,3.7461,2.1413,6.4046,1
34.508,31,-18,53,1.75,53.79,205.4,1478,1478,-0.53,-1.14,-115.62,3.7461,2.1413,6.4046,1
34.525,29,-18,53,1.64,53.79,205.4,1478,1478,-1.11,-1.08,-114.99,3.7461,2.1413,6.4046,1
34.542,26,-18,53,1.47,53.79,205.4,1478,1478,-1.11,-1.08,-114.99,3.7461,2.1413,6.4046,1
34.559,26,-18,53,1.47,53.79,205.4,1478,1478,-1.11,-1.08,-114.99,3.7461,2.1413,6.4046,1
34.576,23,-18,53,1.30,53.79,205.4,1478,1478,-1.11,-1.08,-114.99,3.7461,2.1413,6.4046,1
34.593,18,-18,53,1.02,53.79,205.4,1478,1478,-1.11,-1.08,-114.99,3.2982,1.8493,5.8950,1
34.610,16,-17,54,0.89,52.79,205.1,1478,1478,-1.11,-1.08,-114.99,3.2982,1.8493,5.8950,1
34.627,13,-17,54,0.72,52.79,205.1,1478,1478,-1.11,-1.08,-114.99,3.2982,1.8493,5.8950,1
34.645,10,-17,54,0.56,52.79,205.1,1478,1478,-1.11,-1.08,-114.99,3.2982,1.8493,5.8950,1
34.662,8,-17,54,0.44,52.79,205.1,1478,1478,-1.11,-1.08,-114.99,3.2982,1.8493,5.8950,1
34.680,5,-17,54,0.28,52.79,205.1,1478,1478,-1.11,-1.08,-114.99,3.2982,1.8493,5.8950,1
34.698,2,-17,54,0.11,52.79,205.1,1478,1478,-1.11,-1.08,-114.99,3.2982,1.8493,5.8950,1
34.715,0,-17,54,0.00,52.79,205.1,1478,1478,-1.11,-1.08,-114.99,3.2982,1.8493,5.8950,1
34.732,-3,-16,55,-0.16,51.83,204.8,1478,1478,-1.11,-1.08,-114.99,3.2982,1.8493,5.8950,1
34.749,-5,-16,55,-0.27,51.83,204.8,1478,1478,-1.11,-1.08,-114.99,3.2982,1.8493,5.8950,1
34.766,-10,-16,55,-0.55,51.83,204.8,1478,1478,-1.11,-1.08,-114.99,3.2982,1.8493,5.8950,1
34.783,-12,-16,55,-0.65,51.83,204.8,1478,1478,-1.20,-1.02,-114.16,3.2982,1.8493,5.8950,1
34.800,-14,-16,55,-0.76,51.83,204.8,1478,1478,-1.20,-1.02,-114.16,3.2982,1.8493,5.8950,1
34.817,-15,-16,55,-0.82,51.83,204.8,1478,1478,-1.20,-1.02,-114.16,3.2982,1.8493,5.8950,1
34.834,-16,-15,56,-0.86,50.91,204.4,1478,1478,-1.20,-1.02,-114.16,1.8426,1.9498,5.2437,1
34.851,-18,-15,56,-0.96,50.91,204.4,1478,1478,-1.20,-1.02,-114.16,1.8426,1.9498,5.2437,1
34.868,-19,-15,56,-1.02,50.91,204.4,1478,1478,-1.20,-1.02,-114.16,1.8426,1.9498,5.2437,1
34.885,-20,-15,56,-1.07,50.91,204.4,1478,1478,-1.20,-1.02,-114.16,1.8426,1.9498,5.2437,1
34.902,-21,-15,56,-1.12,50.91,204.4,1478,1478,-1.20,-1.02,-114.16,1.8426,1.9498,5.2437,1
34.919,-22,-15,56,-1.18,50.91,204.4,1478,1478,-1.20,-1.02,-114.16,1.8426,1.9498,5.2437,1
34.936,-22,-14,57,-1.16,50.02,204.0,1478,1478,-1.20,-1.02,-114.16,1.8426,1.9498,5.2437,1
34.953,-22,-14,57,-1.16,50.02,204.0,1478,1478,-1.20,-1.02,-114.16,1.8426,1.9498,5.2437,1
34.970,-22,-14,57,-1.16,50.02,204.0,1478,1478,-1.20,-1.02,-114.16,1.8426,1.9498,5.2437,1
34.987,-22,-14,57,-1.16,50.02,204.0,1478,1478,-1.20,-1.02,-114.16,1.8426,1.9498,5.2437,1
35.004,-21,-14,57,-1.11,50.02,204.0,1500,1478,-1.20,-1.02,-114.16,1.8426,1.9498,5.2437,1
35.021,-20,-14,57,-1.05,50.02,204.0,1500,1478,-0.91,-0.83,-114.34,1.8426,1.9498,5.2437,1
35.038,-18,-13,58,-0.93,49.15,203.7,1522,1478,-0.91,-0.83,-114.34,1.8426,1.9498,5.2437,1
35.055,-17,-13,58,-0.88,49.15,203.7,1522,1478,-0.91,-0.83,-114.34,1.8426,1.9498,5.2437,1
35.072,-15,-13,58,-0.78,49.15,203.7,1522,1478,-0.91,-0.83,-114.34,1.8426,1.9498,5.2437,1
35.089,-13,-13,58,-0.67,49.15,203.7,1522,1478,-0.91,-0.83,-114.34,2.3111,1.7983,5.7506,1
35.106,-10,-13,58,-0.52,49.15,203.7,1522,1478,-0.91,-0.83,-114.34,2.3111,1.7983,5.7506,1
35.123,-8,-13,58,-0.41,49.15,203.7,1522,1478,-0.91,-0.83,-114.34,2.3111,1.7983,5.7506,1
35.140,-6,-12,59,-0.31,48.32,203.3,1522,1478,-0.91,-0.83,-114.34,2.3111,1.7983,5.7506,1
35.157,-4,-12,59,-0.20,48.32,203.3,1522,1478,-0.91,-0.83,-114.34,2.3111,1.7983,5.7506,1
35.174,-2,-12,59,-0.10,48.32,203.3,1522,1478,-0.91,-0.83,-114.34,2.3111,1.7983,5.7506,1
35.191,0,-12,59,0.00,48.32,203.3,1522,1478,-0.91,-0.83,-114.34,2.3111,1.7983,5.7506,1
35.208,2,-11,60,0.10,47.52,203.0,1522,1478,-0.91,-0.83,-114.34,2.3111,1.7983,5.7506,1
35.225,4,-11,60,0.20,47.52,203.0,1522,1478,-0.91,-0.83,-114.34,2.3111,1.7983,5.7506,1
35.242,5,-11,60,0.25,47.52,203.0,1522,1478,-0.91,-0.83,-114.34,2.3111,1.7983,5.7506,1
35.259,6,-11,60,0.30,47.52,203.0,1522,1478,-0.91,-0.83,-114.34,2.3111,1.7983,5.7506,1
35.276,7,-10,61,0.34,46.74,202.6,1522,1478,-0.78,-0.90,-116.06,2.3111,1.7983,5.7506,1
35.293,7,-10,61,0.34,46.74,202.6,1522,1478,-0.78,-0.90,-116.06,2.3111,1.7983,5.7506,1
35.310,8,-10,61,0.39,46.74,202.6,1522,1478,-0.78,-0.90,-116.06,2.3111,1.7983,5.7506,1
35.327,8,-10,61,0.39,46.74,202.6,1522,1478,-0.78,-0.90,-116.06,2.3111,1.7983,5.7506,1
35.344,8,-9,62,0.39,45.98,202.3,1522,1478,-0.78,-0.90,-116.06,3.0076,2.1441,7.0865,1
35.362,9,-9,62,0.44,45.98,202.3,1522,1478,-0.78,-0.90,-116.06,3.0076,2.1441,7.0865,1
35.379,9,-9,62,0.44,45.98,202.3,1522,1478,-0.78,-0.90,-116.06,3.0076,2.1441,7.0865,1
35.396,9,-9,62,0.44,45.98,202.3,1522,1478,-0.78,-0.90,-116.06,3.0076,2.1441,7.0865,1
35.415,10,-8,63,0.48,45.25,201.9,1522,1478,-0.78,-0.90,-116.06,3.0076,2.1441,7.0865,1
35.432,10,-8,63,0.48,45.25,201.9,1522,1478,-0.78,-0.90,-116.06,3.0076,2.1441,7.0865,1
35.449,11,-7,64,0.52,44.55,201.6,1522,1500,-0.78,-0.90,-116.06,3.0076,2.1441,7.0865,1
35.466,11,-7,64,0.52,44.55,201.6,1522,1478,-0.78,-0.90,-116.06,3.0076,2.1441,7.0865,1
35.483,10,-7,64,0.47,44.55,201.6,1500,1478,-0.78,-0.90,-116.06,3.0076,2.1441,7.0865,1
35.500,10,-7,64,0.47,44.55,201.6,1500,1478,-0.78,-0.90,-116.06,3.0076,2.1441,7.0865,1
35.517,9,-6,65,0.42,43.86,201.2,1500,1500,-0.78,-0.90,-116.06,3.0076,2.1441,7.0865,1
35.534,8,-6,65,0.37,43.86,201.2,1478,1478,-0.42,-0.25,-116.68,3.0076,2.1441,7.0865,1
35.551,7,-6,65,0.32,43.86,201.2,1478,1478,-0.42,-0.25,-116.68,3.0076,2.1441,7.0865,1
35.568,7,-6,65,0.32,43.86,201.2,1500,1478,-0.42,-0.25,-116.68,3.0076,2.1441,7.0865,1
35.585,5,-5,66,0.23,43.20,200.9,1478,1500,-0.42,-0.25,-116.68,3.0076,2.1441,7.0865,1
35.602,4,-5,66,0.18,43.20,200.9,1478,1478,-0.42,-0.25,-116.68,3.0453,2.6919,7.2407,1
35.619,4,-5,66,0.18,43.20,200.9,1478,1478,-0.42,-0.25,-116.68,3.0453,2.6919,7.2407,1
35.636,3,-4,67,0.13,42.55,200.5,1478,1500,-0.42,-0.25,-116.68,3.0453,2.6919,7.2407,1
35.652,2,-4,67,0.09,42.55,200.5,1478,1500,-0.42,-0.25,-116.68,3.0453,2.6919,7.2407,1
35.669,2,-4,67,0.09,42.55,200.5,1478,1478,-0.42,-0.25,-116.68,3.0453,2.6919,7.2407,1
35.686,2,-3,68,0.09,41.92,200.2,1500,1500,-0.42,-0.25,-116.68,3.0453,2.6919,7.2407,1
35.703,2,-3,68,0.09,41.92,200.2,1500,1500,-0.42,-0.25,-116.68,3.0453,2.6919,7.2407,1
35.720,2,-2,69,0.09,41.32,199.8,1500,1522,-0.42,-0.25,-116.68,3.0453,2.6919,7.2407,1
35.738,2,-2,69,0.09,41.32,199.8,1500,1500,-0.42,-0.25,-116.68,3.0453,2.6919,7.2407,1
35.755,3,-2,69,0.13,41.32,199.8,1522,1500,-0.42,-0.25,-116.68,3.0453,2.6919,7.2407,1
35.772,4,-2,69,0.17,41.32,199.8,1522,1500,0.24,0.51,-117.04,3.0453,2.6919,7.2407,1
35.789,4,-1,70,0.17,40.73,199.5,1522,1522,0.24,0.51,-117.04,3.0453,2.6919,7.2407,1
35.806,5,-1,70,0.21,40.73,199.5,1522,1500,0.24,0.51,-117.04,3.0453,2.6919,7.2407,1
35.823,5,-1,70,0.21,40.73,199.5,1522,1500,0.24,0.51,-117.04,3.0453,2.6919,7.2407,1
35.840,5,0,71,0.21,40.15,199.1,1522,1522,0.24,0.51,-117.04,3.0399,2.8655,6.3076,1
35.856,5,0,71,0.21,40.15,199.1,1500,1500,0.24,0.51,-117.04,3.0399,2.8655,6.3076,1
35.873,4,0,71,0.17,40.15,199.1,1478,1500,0.24,0.51,-117.04,3.0399,2.8655,6.3076,1
35.890,3,0,71,0.13,40.15,199.1,1478,1500,0.24,0.51,-117.04,3.0399,2.8655,6.3076,1
35.907,2,1,72,0.08,39.60,198.8,1478,1522,0.24,0.51,-117.04,3.0399,2.8655,6.3076,1
35.924,1,1,72,0.04,39.60,198.8,1478,1522,0.24,0.51,-117.04,3.0399,2.8655,6.3076,1
35.941,0,1,72,0.00,39.60,198.8,1478,1500,0.24,0.51,-117.04,3.0399,2.8655,6.3076,1
35.958,-1,1,72,-0.04,39.60,198.8,1478,1500,0.24,0.51,-117.04,3.0399,2.8655,6.3076,1
35.975,-2,2,73,-0.08,39.05,198.4,1478,1522,0.24,0.51,-117.04,3.0399,2.8655,6.3076,1
35.992,-4,2,73,-0.16,39.05,198.4,1478,1522,0.24,0.51,-117.04,3.0399,2.8655,6.3076,1
36.009,-5,2,73,-0.21,39.05,198.4,1478,1522,0.24,0.51,-117.04,3.0399,2.8655,6.3076,1
36.026,-7,3,74,-0.28,38.53,198.1,1478,1522,0.24,0.51,-117.04,3.0399,2.8655,6.3076,1
36.044,-9,3,74,-0.36,38.53,198.1,1478,1522,0.51,0.40,-117.66,3.0399,2.8655,6.3076,1
36.063,-11,3,74,-0.45,38.53,198.1,1478,1522,0.51,0.40,-117.66,3.0399,2.8655,6.3076,1
36.080,-13,3,74,-0.53,38.53,198.1,1478,1522,0.51,0.40,-117.66,3.0399,2.8655,6.3076,1
36.097,-19,4,75,-0.76,38.01,197.8,1478,1522,0.51,0.40,-117.66,1.7109,4.0263,6.7497,1
36.115,-22,4,75,-0.88,38.01,197.8,1478,1522,0.51,0.40,-117.66,1.7109,4.0263,6.7497,1
36.132,-26,4,75,-1.04,38.01,197.8,1469,1522,0.51,0.40,-117.66,1.7109,4.0263,6.7497,1
36.149,-26,4,75,-1.04,38.01,197.8,1478,1522,0.51,0.40,-117.66,1.7109,4.0263,6.7497,1
36.166,-33,5,76,-1.30,37.51,197.4,1468,1522,0.51,0.40,-117.66,1.7109,4.0263,6.7497,1
36.183,-36,4,75,-1.44,38.01,197.8,1472,1500,0.51,0.40,-117.66,1.7109,4.0263,6.7497,1
36.200,-39,4,75,-1.56,38.01,197.8,1474,1522,0.51,0.40,-117.66,1.7109,4.0263,6.7497,1
36.217,-42,3,74,-1.70,38.53,198.1,1474,1500,0.51,0.40,-117.66,1.7109,4.0263,6.7497,1
36.234,-46,4,75,-1.84,38.01,197.8,1472,1522,0.51,0.40,-117.66,1.7109,4.0263,6.7497,1
36.251,-49,3,74,-1.99,38.53,198.1,1472,1500,0.51,0.40,-117.66,1.7109,4.0263,6.7497,1
36.268,-53,4,75,-2.12,38.01,197.8,1469,1522,0.51,0.40,-117.66,1.7109,4.0263,6.7497,1
36.285,-56,4,75,-2.24,38.01,197.8,1471,1522,-0.30,-0.26,-117.56,1.7109,4.0263,6.7497,1
36.302,-60,4,75,-2.40,38.01,197.8,1468,1522,-0.30,-0.26,-117.56,1.7109,4.0263,6.7497,1
36.319,-64,5,76,-2.53,37.51,197.4,1466,1522,-0.30,-0.26,-117.56,1.7109,4.0263,6.7497,1
36.336,-68,5,76,-2.68,37.51,197.4,1465,1522,-0.30,-0.26,-117.56,1.7109,4.0263,6.7497,1
36.353,-73,5,76,-2.88,37.51,197.4,1461,1522,-0.30,-0.26,-117.56,2.0115,3.5653,7.4649,1
36.370,-77,6,77,-3.00,37.02,197.0,1461,1522,-0.30,-0.26,-117.56,2.0115,3.5653,7.4649,1
36.386,-81,5,76,-3.20,37.51,197.4,1461,1522,-0.30,-0.26,-117.56,2.0115,3.5653,7.4649,1
36.403,-85,6,77,-3.31,37.02,197.0,1461,1522,-0.30,-0.26,-117.56,2.0115,3.5653,7.4649,1
36.420,-90,8,79,-3.42,36.09,196.3,1457,1522,-0.30,-0.26,-117.56,2.0115,3.5653,7.4649,1
36.437,-94,8,79,-3.57,36.09,196.3,1458,1522,-0.30,-0.26,-117.56,2.0115,3.5653,7.4649,1
36.454,-97,9,80,-3.64,35.64,196.0,1460,1522,-0.30,-0.26,-117.56,2.0115,3.5653,7.4649,1
36.471,-101,9,80,-3.79,35.64,196.0,1459,1522,-0.30,-0.26,-117.56,2.0115,3.5653,7.4649,1
36.488,-104,9,80,-3.90,35.64,196.0,1460,1522,-0.30,-0.26,-117.56,2.0115,3.5653,7.4649,1
36.505,-107,10,81,-3.96,35.20,195.6,1461,1522,-0.30,-0.26,-117.56,2.0115,3.5653,7.4649,1
36.522,-110,10,81,-4.07,35.20,195.6,1461,1522,-0.30,-0.26,-117.56,2.0115,3.5653,7.4649,1
36.539,-113,10,81,-4.19,35.20,195.6,1461,1522,-0.98,-0.45,-117.06,2.0115,3.5653,7.4649,1
36.556,-116,10,81,-4.30,35.20,195.6,1460,1522,-0.98,-0.45,-117.06,2.0115,3.5653,7.4649,1
36.573,-118,11,82,-4.32,34.77,195.3,1463,1522,-0.98,-0.45,-117.06,2.0115,3.5653,7.4649,1
36.590,-120,12,83,-4.34,34.35,194.9,1464,1522,-0.98,-0.45,-117.06,2.1664,3.5276,7.4033,1
36.607,-122,12,83,-4.41,34.35,194.9,1464,1522,-0.98,-0.45,-117.06,2.1664,3.5276,7.4033,1
36.624,-125,13,84,-4.46,33.94,194.6,1461,1522,-0.98,-0.45,-117.06,2.1664,3.5276,7.4033,1
36.641,-126,14,85,-4.45,33.54,194.2,1465,1522,-0.98,-0.45,-117.06,2.1664,3.5276,7.4033,1
36.658,-127,14,85,-4.48,33.54,194.2,1468,1522,-0.98,-0.45,-117.06,2.1664,3.5276,7.4033,1
36.675,-127,14,85,-4.48,33.54,194.2,1472,1522,-0.98,-0.45,-117.06,2.1664,3.5276,7.4033,1
36.692,-128,15,86,-4.47,33.15,193.9,1470,1522,-0.98,-0.45,-117.06,2.1664,3.5276,7.4033,1
36.709,-130,16,87,-4.48,32.77,193.5,1467,1522,-0.98,-0.45,-117.06,2.1664,3.5276,7.4033,1
36.726,-131,16,87,-4.52,32.77,193.5,1468,1522,-0.98,-0.45,-117.06,2.1664,3.5276,7.4033,1
36.743,-133,16,87,-4.59,32.77,193.5,1465,1522,-0.98,-0.45,-117.06,2.1664,3.5276,7.4033,1
36.762,-134,17,88,-4.57,32.40,193.2,1467,1522,-0.98,-0.45,-117.06,2.1664,3.5276,7.4033,1
36.780,-135,17,88,-4.60,32.40,193.2,1468,1522,-0.60,-0.40,-117.35,2.1664,3.5276,7.4033,1
36.797,-139,18,89,-4.69,32.03,192.8,1459,1522,-0.60,-0.40,-117.35,2.1664,3.5276,7.4033,1
36.814,-142,20,91,-4.68,31.33,192.1,1456,1522,-0.60,-0.40,-117.35,2.1664,3.5276,7.4033,1
36.831,-142,20,91,-4.68,31.33,192.1,1464,1522,-0.60,-0.40,-117.35,2.1664,3.5276,7.4033,1
36.848,-148,21,92,-4.83,30.99,191.8,1450,1522,-0.60,-0.40,-117.35,2.9763,2.6466,7.4584,1
36.865,-150,21,92,-4.89,30.99,191.8,1455,1522,-0.60,-0.40,-117.35,2.9763,2.6466,7.4584,1
36.882,-154,22,93,-4.97,30.65,191.4,1451,1522,-0.60,-0.40,-117.35,2.9763,2.6466,7.4584,1
36.899,-158,22,93,-5.10,30.65,191.4,1448,1522,-0.60,-0.40,-117.35,2.9763,2.6466,7.4584,1
36.916,-161,23,94,-5.14,30.33,191.1,1449,1522,-0.60,-0.40,-117.35,2.9763,2.6466,7.4584,1
36.933,-165,23,94,-5.27,30.33,191.1,1447,1522,-0.60,-0.40,-117.35,2.9763,2.6466,7.4584,1
36.950,-168,24,95,-5.31,30.01,190.8,1448,1522,-0.60,-0.40,-117.35,2.9763,2.6466,7.4584,1
36.967,-170,24,95,-5.37,30.01,190.8,1452,1522,-0.60,-0.40,-117.35,2.9763,2.6466,7.4584,1
36.984,-173,24,95,-5.46,30.01,190.8,1450,1522,-0.60,-0.40,-117.35,2.9763,2.6466,7.4584,1
37.001,-175,25,96,-5.47,29.70,190.4,1452,1522,-0.60,-0.40,-117.35,2.9763,2.6466,7.4584,1
37.018,-179,26,97,-5.54,29.39,190.0,1447,1522,-0.60,-0.40,-117.35,2.9763,2.6466,7.4584,1
37.035,-181,26,97,-5.60,29.39,190.0,1450,1522,-2.26,-0.02,-116.39,2.9763,2.6466,7.4584,1
37.052,-184,27,98,-5.63,29.09,189.7,1448,1522,-2.26,-0.02,-116.39,2.9763,2.6466,7.4584,1
37.069,-185,28,99,-5.61,28.80,189.3,1453,1522,-2.26,-0.02,-116.39,2.9763,2.6466,7.4584,1
37.086,-186,28,99,-5.64,28.80,189.3,1456,1522,-2.26,-0.02,-116.39,3.5428,2.2373,6.9597,1
37.103,-187,29,100,-5.61,28.51,189.0,1456,1522,-2.26,-0.02,-116.39,3.5428,2.2373,6.9597,1
37.120,-187,29,100,-5.61,28.51,189.0,1460,1522,-2.26,-0.02,-116.39,3.5428,2.2373,6.9597,1
37.137,-186,30,101,-5.52,28.23,188.6,1464,1522,-2.26,-0.02,-116.39,3.5428,2.2373,6.9597,1
37.154,-185,30,101,-5.50,28.23,188.6,1467,1522,-2.26,-0.02,-116.39,3.5428,2.2373,6.9597,1
37.171,-183,30,101,-5.44,28.23,188.6,1472,1522,-2.26,-0.02,-116.39,3.5428,2.2373,6.9597,1
37.188,-181,31,102,-5.32,27.95,188.3,1474,1522,-2.26,-0.02,-116.39,3.5428,2.2373,6.9597,1
37.205,-178,31,102,-5.24,27.95,188.3,1478,1522,-2.26,-0.02,-116.39,3.5428,2.2373,6.9597,1
37.222,-176,31,102,-5.18,27.95,188.3,1478,1522,-2.26,-0.02,-116.39,3.5428,2.2373,6.9597,1
37.239,-172,32,103,-5.01,27.68,187.9,1478,1523,-2.26,-0.02,-116.39,3.5428,2.2373,6.9597,1
37.256,-168,32,103,-4.89,27.68,187.9,1478,1522,-2.26,-0.02,-116.39,3.5428,2.2373,6.9597,1
37.273,-164,32,103,-4.78,27.68,187.9,1478,1522,-1.90,0.40,-116.00,3.5428,2.2373,6.9597,1
37.290,-158,32,103,-4.60,27.68,187.9,1478,1522,-1.90,0.40,-116.00,3.5428,2.2373,6.9597,1
37.307,-153,33,104,-4.41,27.41,187.6,1478,1524,-1.90,0.40,-116.00,3.5428,2.2373,6.9597,1
37.324,-147,33,104,-4.24,27.41,187.6,1500,1522,-1.90,0.40,-116.00,3.5428,2.2373,6.9597,1
37.341,-142,33,104,-4.10,27.41,187.6,1500,1522,-1.90,0.40,-116.00,3.4580,2.0484,7.0498,1
37.359,-137,33,104,-3.95,27.41,187.6,1500,1522,-1.90,0.40,-116.00,3.4580,2.0484,7.0498,1
37.376,-131,33,104,-3.78,27.41,187.6,1522,1522,-1.90,0.40,-116.00,3.4580,2.0484,7.0498,1
37.393,-126,33,104,-3.63,27.41,187.6,1522,1522,-1.90,0.40,-116.00,3.4580,2.0484,7.0498,1
37.410,-120,34,105,-3.43,27.15,187.2,1522,1524,-1.90,0.40,-116.00,3.4580,2.0484,7.0498,1
37.428,-116,33,104,-3.35,27.41,187.6,1522,1522,-1.90,0.40,-116.00,3.4580,2.0484,7.0498,1
37.445,-111,33,104,-3.20,27.41,187.6,1522,1522,-1.90,0.40,-116.00,3.4580,2.0484,7.0498,1
37.462,-105,33,104,-3.03,27.41,187.6,1522,1522,-1.90,0.40,-116.00,3.4580,2.0484,7.0498,1
37.479,-100,34,105,-2.86,27.15,187.2,1522,1524,-1.90,0.40,-116.00,3.4580,2.0484,7.0498,1
37.496,-94,33,104,-2.71,27.41,187.6,1522,1522,-1.90,0.40,-116.00,3.4580,2.0484,7.0498,1
37.513,-88,33,104,-2.54,27.41,187.6,1522,1522,-1.90,0.40,-116.00,3.4580,2.0484,7.0498,1
37.530,-77,33,104,-2.22,27.41,187.6,1531,1522,-1.21,0.32,-115.67,3.4580,2.0484,7.0498,1
37.548,-72,33,104,-2.08,27.41,187.6,1522,1522,-1.21,0.32,-115.67,3.4580,2.0484,7.0498,1
37.565,-66,33,104,-1.90,27.41,187.6,1522,1522,-1.21,0.32,-115.67,3.4580,2.0484,7.0498,1
37.582,-61,33,104,-1.76,27.41,187.6,1522,1522,-1.21,0.32,-115.67,3.2939,1.7414,6.7235,1
37.599,-56,33,104,-1.62,27.41,187.6,1522,1522,-1.21,0.32,-115.67,3.2939,1.7414,6.7235,1
37.616,-50,32,103,-1.46,27.68,187.9,1522,1522,-1.21,0.32,-115.67,3.2939,1.7414,6.7235,1
37.633,-44,31,102,-1.29,27.95,188.3,1524,1522,-1.21,0.32,-115.67,3.2939,1.7414,6.7235,1
37.649,-38,31,102,-1.12,27.95,188.3,1525,1522,-1.21,0.32,-115.67,3.2939,1.7414,6.7235,1
37.667,-32,31,102,-0.94,27.95,188.3,1526,1522,-1.21,0.32,-115.67,3.2939,1.7414,6.7235,1
37.684,-26,30,101,-0.77,28.23,188.6,1528,1522,-1.21,0.32,-115.67,3.2939,1.7414,6.7235,1
37.700,-19,30,101,-0.56,28.23,188.6,1532,1522,-1.21,0.32,-115.67,3.2939,1.7414,6.7235,1
37.717,-13,30,101,-0.39,28.23,188.6,1532,1522,-1.21,0.32,-115.67,3.2939,1.7414,6.7235,1
37.734,-7,30,101,-0.21,28.23,188.6,1532,1522,-1.21,0.32,-115.67,3.2939,1.7414,6.7235,1
37.751,-2,30,101,-0.06,28.23,188.6,1530,1522,-1.21,0.32,-115.67,3.2939,1.7414,6.7235,1
37.768,4,29,100,0.12,28.51,189.0,1532,1522,-1.21,0.32,-115.67,3.2939,1.7414,6.7235,1
37.785,10,29,100,0.30,28.51,189.0,1535,1522,-0.77,0.20,-114.86,3.2939,1.7414,6.7235,1
37.802,16,29,100,0.48,28.51,189.0,1536,1522,-0.77,0.20,-114.86,3.2939,1.7414,6.7235,1
37.819,22,28,99,0.67,28.80,189.3,1537,1522,-0.77,0.20,-114.86,3.2939,1.7414,6.7235,1
37.836,28,28,99,0.85,28.80,189.3,1539,1522,-0.77,0.20,-114.86,3.2747,1.2648,7.4135,1
37.853,34,27,98,1.04,29.09,189.7,1540,1522,-0.77,0.20,-114.86,3.2747,1.2648,7.4135,1
37.870,40,27,98,1.22,29.09,189.7,1541,1522,-0.77,0.20,-114.86,3.2747,1.2648,7.4135,1
37.887,47,27,98,1.44,29.09,189.7,1545,1522,-0.77,0.20,-114.86,3.2747,1.2648,7.4135,1
37.904,54,27,98,1.65,29.09,189.7,1548,1522,-0.77,0.20,-114.86,3.2747,1.2648,7.4135,1
37.921,61,26,97,1.89,29.39,190.0,1550,1522,-0.77,0.20,-114.86,3.2747,1.2648,7.4135,1
37.938,67,26,97,2.07,29.39,190.0,1549,1522,-0.77,0.20,-114.86,3.2747,1.2648,7.4135,1
37.955,74,26,97,2.29,29.39,190.0,1552,1522,-0.77,0.20,-114.86,3.2747,1.2648,7.4135,1
37.972,81,25,96,2.53,29.70,190.4,1554,1522,-0.77,0.20,-114.86,3.2747,1.2648,7.4135,1
37.989,88,25,96,2.75,29.70,190.4,1556,1522,-0.77,0.20,-114.86,3.2747,1.2648,7.4135,1
38.006,95,25,96,2.97,29.70,190.4,1557,1522,-0.77,0.20,-114.86,3.2747,1.2648,7.4135,1
38.023,101,24,95,3.19,30.01,190.8,1556,1522,0.06,0.10,-114.62,3.2747,1.2648,7.4135,1
38.040,108,24,95,3.41,30.01,190.8,1559,1522,0.06,0.10,-114.62,3.2747,1.2648,7.4135,1
38.057,114,24,95,3.60,30.01,190.8,1558,1522,0.06,0.10,-114.62,3.2747,1.2648,7.4135,1
38.074,120,24,95,3.79,30.01,190.8,1558,1522,0.06,0.10,-114.62,3.2747,1.2648,7.4135,1
38.091,126,23,94,4.02,30.33,191.1,1559,1522,0.06,0.10,-114.62,2.5967,1.8912,5.7111,1
38.108,133,23,94,4.24,30.33,191.1,1563,1522,0.06,0.10,-114.62,2.5967,1.8912,5.7111,1
38.125,139,23,94,4.44,30.33,191.1,1562,1522,0.06,0.10,-114.62,2.5967,1.8912,5.7111,1
38.143,145,23,94,4.63,30.33,191.1,1563,1522,0.06,0.10,-114.62,2.5967,1.8912,5.7111,1
38.160,152,22,93,4.90,30.65,191.4,1566,1522,0.06,0.10,-114.62,2.5967,1.8912,5.7111,1
38.177,158,22,93,5.10,30.65,191.4,1566,1522,0.06,0.10,-114.62,2.5967,1.8912,5.7111,1
38.195,164,22,93,5.29,30.65,191.4,1567,1522,0.06,0.10,-114.62,2.5967,1.8912,5.7111,1
38.212,169,21,92,5.51,30.99,191.8,1564,1522,0.06,0.10,-114.62,2.5967,1.8912,5.7111,1
38.229,180,21,92,5.87,30.99,191.8,1567,1522,0.06,0.10,-114.62,2.5967,1.8912,5.7111,1
38.246,185,21,92,6.03,30.99,191.8,1580,1522,0.06,0.10,-114.62,2.5967,1.8912,5.7111,1
38.263,189,21,92,6.16,30.99,191.8,1571,1522,0.06,0.10,-114.62,2.5967,1.8912,5.7111,1
38.280,192,20,91,6.33,31.33,192.1,1563,1522,1.39,-0.18,-115.41,2.5967,1.8912,5.7111,1
38.297,195,20,91,6.43,31.33,192.1,1575,1522,1.39,-0.18,-115.41,2.5967,1.8912,5.7111,0
38.314,198,20,91,6.53,31.33,192.1,1573,1522,1.39,-0.18,-115.41,2.5967,1.8912,5.7111,0
38.331,201,20,91,6.63,31.33,192.1,1572,1522,1.39,-0.18,-115.41,2.5967,1.8912,5.7111,0
38.348,203,19,90,6.77,31.68,192.5,1569,1522,1.39,-0.18,-115.41,3.2301,2.0048,7.0570,0
38.365,205,19,90,6.83,31.68,192.5,1567,1522,1.39,-0.18,-115.41,3.2301,2.0048,7.0570,0
38.382,206,18,89,6.94,32.03,192.8,1563,1522,1.39,-0.18,-115.41,3.2301,2.0048,7.0570,0
38.399,208,18,89,7.01,32.03,192.8,1564,1522,1.39,-0.18,-115.41,3.2301,2.0048,7.0570,0
38.416,209,18,89,7.04,32.03,192.8,1562,1522,1.39,-0.18,-115.41,3.2301,2.0048,7.0570,0
38.433,209,18,89,7.04,32.03,192.8,1557,1522,1.39,-0.18,-115.41,3.2301,2.0048,7.0570,0
38.450,210,18,89,7.08,32.03,192.8,1558,1522,1.39,-0.18,-115.41,3.2301,2.0048,7.0570,0
38.467,210,18,89,7.08,32.03,192.8,1555,1522,1.39,-0.18,-115.41,3.2301,2.0048,7.0570,0
38.484,209,17,88,7.12,32.40,193.2,1550,1522,1.39,-0.18,-115.41,3.2301,2.0048,7.0570,0
38.501,208,17,88,7.09,32.40,193.2,1547,1522,1.39,-0.18,-115.41,3.2301,2.0048,7.0570,0
38.518,207,17,88,7.06,32.40,193.2,1546,1522,1.39,-0.18,-115.41,3.2301,2.0048,7.0570,0
38.535,205,17,88,6.99,32.40,193.2,1541,1522,1.51,-0.48,-116.29,3.2301,2.0048,7.0570,0
38.552,203,16,87,7.00,32.77,193.5,1538,1522,1.51,-0.48,-116.29,3.2301,2.0048,7.0570,0
38.569,200,16,87,6.90,32.77,193.5,1533,1522,1.51,-0.48,-116.29,3.2301,2.0048,7.0570,0
38.586,197,16,87,6.79,32.77,193.5,1530,1522,1.51,-0.48,-116.29,2.8449,2.4202,6.9389,0
38.602,193,16,87,6.66,32.77,193.5,1522,1522,1.51,-0.48,-116.29,2.8449,2.4202,6.9389,1
38.619,190,15,86,6.63,33.15,193.9,1522,1522,1.51,-0.48,-116.29,2.8449,2.4202,6.9389,1
38.637,185,15,86,6.45,33.15,193.9,1522,1522,1.51,-0.48,-116.29,2.8449,2.4202,6.9389,1
38.654,180,15,86,6.28,33.15,193.9,1522,1522,1.51,-0.48,-116.29,2.8449,2.4202,6.9389,1
38.670,175,14,85,6.18,33.54,194.2,1522,1522,1.51,-0.48,-116.29,2.8449,2.4202,6.9389,1
38.687,170,15,86,5.93,33.15,193.9,1522,1522,1.51,-0.48,-116.29,2.8449,2.4202,6.9389,1
38.704,164,14,85,5.79,33.54,194.2,1522,1522,1.51,-0.48,-116.29,2.8449,2.4202,6.9389,1
38.722,158,14,85,5.58,33.54,194.2,1500,1522,1.51,-0.48,-116.29,2.8449,2.4202,6.9389,1
38.739,152,14,85,5.36,33.54,194.2,1478,1522,1.51,-0.48,-116.29,2.8449,2.4202,6.9389,1
38.756,145,13,84,5.18,33.94,194.6,1478,1522,1.51,-0.48,-116.29,2.8449,2.4202,6.9389,1
38.773,139,13,84,4.96,33.94,194.6,1478,1522,-1.11,-0.11,-116.24,2.8449,2.4202,6.9389,1
38.790,133,13,84,4.75,33.94,194.6,1478,1522,-1.11,-0.11,-116.24,2.8449,2.4202,6.9389,1
38.807,127,13,84,4.54,33.94,194.6,1478,1522,-1.11,-0.11,-116.24,2.8449,2.4202,6.9389,1
38.824,121,13,84,4.32,33.94,194.6,1478,1522,-1.11,-0.11,-116.24,2.8449,2.4202,6.9389,1
38.844,116,12,83,4.19,34.35,194.9,1478,1522,-1.11,-0.11,-116.24,3.8428,2.0742,7.3684,1
38.861,111,12,83,4.01,34.35,194.9,1478,1522,-1.11,-0.11,-116.24,3.8428,2.0742,7.3684,1
38.878,106,12,83,3.83,34.35,194.9,1478,1522,-1.11,-0.11,-116.24,3.8428,2.0742,7.3684,1
38.895,96,11,82,3.51,34.77,195.3,1478,1522,-1.11,-0.11,-116.24,3.8428,2.0742,7.3684,1
38.912,92,12,83,3.33,34.35,194.9,1478,1522,-1.11,-0.11,-116.24,3.8428,2.0742,7.3684,1
38.929,88,11,82,3.22,34.77,195.3,1478,1522,-1.11,-0.11,-116.24,3.8428,2.0742,7.3684,1
38.946,85,11,82,3.11,34.77,195.3,1478,1522,-1.11,-0.11,-116.24,3.8428,2.0742,7.3684,1
38.963,82,11,82,3.00,34.77,195.3,1478,1522,-1.11,-0.11,-116.24,3.8428,2.0742,7.3684,1
38.980,80,11,82,2.93,34.77,195.3,1500,1522,-1.11,-0.11,-116.24,3.8428,2.0742,7.3684,1
38.997,78,11,82,2.85,34.77,195.3,1522,1522,-1.11,-0.11,-116.24,3.8428,2.0742,7.3684,1
39.014,76,11,82,2.78,34.77,195.3,1522,1522,-1.11,-0.11,-116.24,3.8428,2.0742,7.3684,1
39.031,74,10,81,2.74,35.20,195.6,1522,1522,-2.01,0.16,-115.82,3.8428,2.0742,7.3684,1
39.048,72,10,81,2.67,35.20,195.6,1522,1522,-2.01,0.16,-115.82,3.8428,2.0742,7.3684,1
39.065,70,10,81,2.59,35.20,195.6,1522,1522,-2.01,0.16,-115.82,3.8428,2.0742,7.3684,1
39.082,67,10,81,2.48,35.20,195.6,1500,1522,-2.01,0.16,-115.82,3.8428,2.0742,7.3684,1
39.099,65,10,81,2.41,35.20,195.6,1500,1522,-2.01,0.16,-115.82,3.1627,2.0127,6.5769,1
39.116,63,10,81,2.33,35.20,195.6,1500,1522,-2.01,0.16,-115.82,3.1627,2.0127,6.5769,1
39.133,61,10,81,2.26,35.20,195.6,1500,1522,-2.01,0.16,-115.82,3.1627,2.0127,6.5769,1
39.150,60,10,81,2.22,35.20,195.6,1522,1522,-2.01,0.16,-115.82,3.1627,2.0127,6.5769,1
39.167,59,9,80,2.21,35.64,196.0,1522,1522,-2.01,0.16,-115.82,3.1627,2.0127,6.5769,1
39.184,58,9,80,2.17,35.64,196.0,1522,1522,-2.01,0.16,-115.82,3.1627,2.0127,6.5769,1
39.201,57,9,80,2.14,35.64,196.0,1522,1522,-2.01,0.16,-115.82,3.1627,2.0127,6.5769,1
39.217,57,9,80,2.14,35.64,196.0,1522,1522,-2.01,0.16,-115.82,3.1627,2.0127,6.5769,1
39.234,57,9,80,2.14,35.64,196.0,1522,1522,-2.01,0.16,-115.82,3.1627,2.0127,6.5769,1
39.251,56,9,80,2.10,35.64,196.0,1522,1522,-2.01,0.16,-115.82,3.1627,2.0127,6.5769,1
39.268,56,9,80,2.10,35.64,196.0,1522,1522,-2.01,0.16,-115.82,3.1627,2.0127,6.5769,1
39.285,56,9,80,2.10,35.64,196.0,1522,1522,-1.96,-0.03,-114.94,3.1627,2.0127,6.5769,1
39.302,56,8,79,2.13,36.09,196.3,1522,1522,-1.96,-0.03,-114.94,3.1627,2.0127,6.5769,1
39.319,56,8,79,2.13,36.09,196.3,1522,1522,-1.96,-0.03,-114.94,3.1627,2.0127,6.5769,1
39.336,56,8,79,2.13,36.09,196.3,1522,1522,-1.96,-0.03,-114.94,3.1582,2.0021,5.3842,1
39.353,57,8,79,2.16,36.09,196.3,1522,1522,-1.96,-0.03,-114.94,3.1582,2.0021,5.3842,1
39.370,57,8,79,2.16,36.09,196.3,1522,1522,-1.96,-0.03,-114.94,3.1582,2.0021,5.3842,1
39.387,59,8,79,2.24,36.09,196.3,1522,1522,-1.96,-0.03,-114.94,3.1582,2.0021,5.3842,1
39.404,60,8,79,2.28,36.09,196.3,1522,1522,-1.96,-0.03,-114.94,3.1582,2.0021,5.3842,1
39.421,60,8,79,2.28,36.09,196.3,1522,1522,-1.96,-0.03,-114.94,3.1582,2.0021,5.3842,1
39.438,60,8,79,2.28,36.09,196.3,1522,1522,-1.96,-0.03,-114.94,3.1582,2.0021,5.3842,1
39.455,67,8,79,2.54,36.09,196.3,1533,1522,-1.96,-0.03,-114.94,3.1582,2.0021,5.3842,1
39.472,70,7,78,2.69,36.55,196.7,1532,1522,-1.96,-0.03,-114.94,3.1582,2.0021,5.3842,1
39.489,74,8,79,2.81,36.09,196.3,1535,1522,-1.96,-0.03,-114.94,3.1582,2.0021,5.3842,1
39.506,77,7,78,2.96,36.55,196.7,1533,1522,-1.96,-0.03,-114.94,3.1582,2.0021,5.3842,1
39.523,80,7,78,3.08,36.55,196.7,1533,1522,-1.23,-0.67,-114.75,3.1582,2.0021,5.3842,1
39.541,84,7,78,3.23,36.55,196.7,1536,1522,-1.23,-0.67,-114.75,3.1582,2.0021,5.3842,1
39.560,88,7,78,3.38,36.55,196.7,1536,1522,-1.23,-0.67,-114.75,3.1582,2.0021,5.3842,1
39.577,96,7,78,3.69,36.55,196.7,1551,1522,-1.23,-0.67,-114.75,3.1582,2.0021,5.3842,1
39.594,101,8,79,3.84,36.09,196.3,1550,1522,-1.23,-0.67,-114.75,3.3276,1.6398,6.7184,1
39.611,105,8,79,3.99,36.09,196.3,1547,1522,-1.23,-0.67,-114.75,3.3276,1.6398,6.7184,1
39.628,109,8,79,4.14,36.09,196.3,1545,1522,-1.23,-0.67,-114.75,3.3276,1.6398,6.7184,1
39.646,113,8,79,4.29,36.09,196.3,1545,1522,-1.23,-0.67,-114.75,3.3276,1.6398,6.7184,1
39.663,116,8,79,4.41,36.09,196.3,1543,1522,-1.23,-0.67,-114.75,3.3276,1.6398,6.7184,1
39.680,119,8,79,4.52,36.09,196.3,1541,1522,-1.23,-0.67,-114.75,3.3276,1.6398,6.7184,1
39.697,123,8,79,4.67,36.09,196.3,1544,1522,-1.23,-0.67,-114.75,3.3276,1.6398,6.7184,1
39.714,126,8,79,4.78,36.09,196.3,1544,1522,-1.23,-0.67,-114.75,3.3276,1.6398,6.7184,1
39.731,129,8,79,4.90,36.09,196.3,1543,1522,-1.23,-0.67,-114.75,3.3276,1.6398,6.7184,1
39.748,132,8,79,5.01,36.09,196.3,1543,1522,-1.23,-0.67,-114.75,3.3276,1.6398,6.7184,1
39.765,134,9,80,5.03,35.64,196.0,1540,1522,-1.23,-0.67,-114.75,3.3276,1.6398,6.7184,1
39.782,137,9,80,5.14,35.64,196.0,1542,1522,-0.37,-0.58,-115.64,3.3276,1.6398,6.7184,1
39.799,139,9,80,5.21,35.64,196.0,1540,1522,-0.37,-0.58,-115.64,3.3276,1.6398,6.7184,1
39.815,140,9,80,5.25,35.64,196.0,1537,1522,-0.37,-0.58,-115.64,3.3276,1.6398,6.7184,1
39.832,142,9,80,5.33,35.64,196.0,1538,1522,-0.37,-0.58,-115.64,3.1348,1.8418,6.7799,1
39.849,144,10,81,5.33,35.20,195.6,1539,1522,-0.37,-0.58,-115.64,3.1348,1.8418,6.7799,1
39.866,145,10,81,5.37,35.20,195.6,1536,1522,-0.37,-0.58,-115.64,3.1348,1.8418,6.7799,1
39.883,145,10,81,5.37,35.20,195.6,1532,1522,-0.37,-0.58,-115.64,3.1348,1.8418,6.7799,1
39.902,146,10,81,5.41,35.20,195.6,1533,1522,-0.37,-0.58,-115.64,3.1348,1.8418,6.7799,1
39.920,147,10,81,5.44,35.20,195.6,1534,1522,-0.37,-0.58,-115.64,3.1348,1.8418,6.7799,1
39.937,147,10,81,5.44,35.20,195.6,1532,1522,-0.37,-0.58,-115.64,3.1348,1.8418,6.7799,1
39.954,147,11,82,5.38,34.77,195.3,1530,1522,-0.37,-0.58,-115.64,3.1348,1.8418,6.7799,1
39.971,147,11,82,5.38,34.77,195.3,1529,1522,-0.37,-0.58,-115.64,3.1348,1.8418,6.7799,1
39.988,148,11,82,5.41,34.77,195.3,1532,1522,-0.37,-0.58,-115.64,3.1348,1.8418,6.7799,1
40.005,148,11,82,5.41,34.77,195.3,1531,1522,-0.37,-0.58,-115.64,3.1348,1.8418,6.7799,1
40.022,148,11,82,5.41,34.77,195.3,1530,1522,-0.67,0.12,-115.26,3.1348,1.8418,6.7799,1
40.039,149,11,82,5.45,34.77,195.3,1532,1522,-0.67,0.12,-115.26,3.1348,1.8418,6.7799,1
40.056,149,11,82,5.45,34.77,195.3,1531,1522,-0.67,0.12,-115.26,3.1348,1.8418,6.7799,1
40.073,149,11,82,5.45,34.77,195.3,1530,1522,-0.67,0.12,-115.26,3.1348,1.8418,6.7799,1
40.090,150,11,82,5.49,34.77,195.3,1532,1522,-0.67,0.12,-115.26,3.0647,1.9833,6.6782,1
40.107,150,12,83,5.42,34.35,194.9,1531,1522,-0.67,0.12,-115.26,3.0647,1.9833,6.6782,1
40.124,150,12,83,5.42,34.35,194.9,1530,1522,-0.67,0.12,-115.26,3.0647,1.9833,6.6782,1
40.142,150,12,83,5.42,34.35,194.9,1530,1522,-0.67,0.12,-115.26,3.0647,1.9833,6.6782,1
40.159,150,12,83,5.42,34.35,194.9,1529,1522,-0.67,0.12,-115.26,3.0647,1.9833,6.6782,1
40.176,150,12,83,5.42,34.35,194.9,1529,1522,-0.67,0.12,-115.26,3.0647,1.9833,6.6782,1
40.193,149,13,84,5.32,33.94,194.6,1526,1522,-0.67,0.12,-115.26,3.0647,1.9833,6.6782,1
40.210,149,13,84,5.32,33.94,194.6,1528,1522,-0.67,0.12,-115.26,3.0647,1.9833,6.6782,1
40.227,148,13,84,5.29,33.94,194.6,1525,1522,-0.67,0.12,-115.26,3.0647,1.9833,6.6782,1
40.244,148,13,84,5.29,33.94,194.6,1527,1522,-0.67,0.12,-115.26,3.0647,1.9833,6.6782,1
40.261,147,13,84,5.25,33.94,194.6,1525,1522,-0.67,0.12,-115.26,3.0647,1.9833,6.6782,1
40.278,147,13,84,5.25,33.94,194.6,1527,1522,-1.47,-0.07,-115.30,3.0647,1.9833,6.6782,1
40.295,146,13,84,5.21,33.94,194.6,1524,1522,-1.47,-0.07,-115.30,3.0647,1.9833,6.6782,1
40.312,146,14,85,5.15,33.54,194.2,1527,1522,-1.47,-0.07,-115.30,3.0647,1.9833,6.6782,1
40.329,145,14,85,5.12,33.54,194.2,1524,1522,-1.47,-0.07,-115.30,3.2512,1.8715,6.4317,1
40.346,145,14,85,5.12,33.54,194.2,1526,1522,-1.47,-0.07,-115.30,3.2512,1.8715,6.4317,1
40.363,144,14,85,5.08,33.54,194.2,1524,1522,-1.47,-0.07,-115.30,3.2512,1.8715,6.4317,1
40.380,144,14,85,5.08,33.54,194.2,1526,1522,-1.47,-0.07,-115.30,3.2512,1.8715,6.4317,1
40.397,144,14,85,5.08,33.54,194.2,1527,1522,-1.47,-0.07,-115.30,3.2512,1.8715,6.4317,1
40.414,144,15,86,5.02,33.15,193.9,1528,1522,-1.47,-0.07,-115.30,3.2512,1.8715,6.4317,1
40.431,144,15,86,5.02,33.15,193.9,1528,1522,-1.47,-0.07,-115.30,3.2512,1.8715,6.4317,1
40.448,144,15,86,5.02,33.15,193.9,1528,1522,-1.47,-0.07,-115.30,3.2512,1.8715,6.4317,1
40.465,145,15,86,5.06,33.15,193.9,1531,1522,-1.47,-0.07,-115.30,3.2512,1.8715,6.4317,1
40.482,146,15,86,5.09,33.15,193.9,1532,1522,-1.47,-0.07,-115.30,3.2512,1.8715,6.4317,1
40.499,148,16,87,5.10,32.77,193.5,1536,1522,-1.47,-0.07,-115.30,3.2512,1.8715,6.4317,1
40.516,150,16,87,5.17,32.77,193.5,1539,1522,-1.47,-0.07,-115.30,3.2512,1.8715,6.4317,1
40.533,152,16,87,5.24,32.77,193.5,1540,1522,-2.04,-0.44,-115.45,3.2512,1.8715,6.4317,1
40.550,155,16,87,5.34,32.77,193.5,1544,1522,-2.04,-0.44,-115.45,3.2512,1.8715,6.4317,1
40.567,157,16,87,5.41,32.77,193.5,1544,1522,-2.04,-0.44,-115.45,3.2512,1.8715,6.4317,1
40.584,160,16,87,5.52,32.77,193.5,1546,1522,-2.04,-0.44,-115.45,2.9657,1.6260,7.2995,1
40.600,163,16,87,5.62,32.77,193.5,1548,1522,-2.04,-0.44,-115.45,2.9657,1.6260,7.2995,1
40.617,167,16,87,5.76,32.77,193.5,1552,1522,-2.04,-0.44,-115.45,2.9657,1.6260,7.2995,1
40.634,171,17,88,5.83,32.40,193.2,1555,1522,-2.04,-0.44,-115.45,2.9657,1.6260,7.2995,1
40.651,175,17,88,5.97,32.40,193.2,1556,1522,-2.04,-0.44,-115.45,2.9657,1.6260,7.2995,1
40.668,180,17,88,6.14,32.40,193.2,1560,1522,-2.04,-0.44,-115.45,2.9657,1.6260,7.2995,1
40.685,185,17,88,6.31,32.40,193.2,1563,1522,-2.04,-0.44,-115.45,2.9657,1.6260,7.2995,1
40.702,190,17,88,6.48,32.40,193.2,1564,1522,-2.04,-0.44,-115.45,2.9657,1.6260,7.2995,1
40.719,195,17,88,6.65,32.40,193.2,1583,1522,-2.04,-0.44,-115.45,2.9657,1.6260,7.2995,0
40.736,200,17,88,6.82,32.40,193.2,1584,1522,-2.04,-0.44,-115.45,2.9657,1.6260,7.2995,0
40.753,206,17,88,7.02,32.40,193.2,1590,1522,-2.04,-0.44,-115.45,2.9657,1.6260,7.2995,0
40.770,212,17,88,7.23,32.40,193.2,1593,1522,-0.72,-0.50,-116.74,2.9657,1.6260,7.2995,0
40.787,218,17,88,7.43,32.40,193.2,1596,1522,-0.72,-0.50,-116.74,2.9657,1.6260,7.2995,0
40.804,224,18,89,7.55,32.03,192.8,1598,1522,-0.72,-0.50,-116.74,2.9657,1.6260,7.2995,0
40.821,230,17,88,7.84,32.40,193.2,1599,1522,-0.72,-0.50,-116.74,2.9657,1.6260,7.2995,0
40.838,235,18,89,7.92,32.03,192.8,1597,1522,-0.72,-0.50,-116.74,3.0145,2.5650,7.2487,0
40.855,240,18,89,8.09,32.03,192.8,1597,1522,-0.72,-0.50,-116.74,3.0145,2.5650,7.2487,0
40.872,245,18,89,8.26,32.03,192.8,1597,1522,-0.72,-0.50,-116.74,3.0145,2.5650,7.2487,0
40.892,254,18,89,8.56,32.03,192.8,1600,1522,-0.72,-0.50,-116.74,3.0145,2.5650,7.2487,0
40.909,254,18,89,8.56,32.03,192.8,1586,1522,-0.72,-0.50,-116.74,3.0145,2.5650,7.2487,0
40.927,261,19,90,8.70,31.68,192.5,1600,1522,-0.72,-0.50,-116.74,3.0145,2.5650,7.2487,0
40.944,264,19,90,8.80,31.68,192.5,1594,1522,-0.72,-0.50,-116.74,3.0145,2.5650,7.2487,0
40.961,266,19,90,8.87,31.68,192.5,1587,1522,-0.72,-0.50,-116.74,3.0145,2.5650,7.2487,0
40.978,270,19,90,9.00,31.68,192.5,1592,1522,-0.72,-0.50,-116.74,3.0145,2.5650,7.2487,0
40.995,0,0,0,0.00,-1.00,0.0,1593,1522,-0.72,-0.50,-116.74,3.0145,2.5650,7.2487,0
41.012,0,0,0,0.00,-1.00,0.0,1594,1522,-0.72,-0.50,-116.74,3.0145,2.5650,7.2487,0
41.029,0,0,0,0.00,-1.00,0.0,1594,1522,1.26,-0.52,-117.10,3.0145,2.5650,7.2487,0
41.046,0,0,0,0.00,-1.00,0.0,1595,1522,1.26,-0.52,-117.10,3.0145,2.5650,7.2487,0
41.063,0,0,0,0.00,-1.00,0.0,1596,1522,1.26,-0.52,-117.10,3.0145,2.5650,7.2487,0
41.080,0,0,0,0.00,-1.00,0.0,1597,1522,1.26,-0.52,-117.10,3.0145,2.5650,7.2487,0
41.097,0,0,0,0.00,-1.00,0.0,1598,1522,1.26,-0.52,-117.10,2.8421,2.6419,7.0260,0
41.114,0,0,0,0.00,-1.00,0.0,1599,1522,1.26,-0.52,-117.10,2.8421,2.6419,7.0260,0
41.130,0,0,0,0.00,-1.00,0.0,1600,1522,1.26,-0.52,-117.10,2.8421,2.6419,7.0260,0
41.147,0,0,0,0.00,-1.00,0.0,1600,1522,1.26,-0.52,-117.10,2.8421,2.6419,7.0260,0
41.164,0,0,0,0.00,-1.00,0.0,1600,1522,1.26,-0.52,-117.10,2.8421,2.6419,7.0260,0
41.181,0,0,0,0.00,-1.00,0.0,1600,1522,1.26,-0.52,-117.10,2.8421,2.6419,7.0260,0
41.198,0,0,0,0.00,-1.00,0.0,1600,1522,1.26,-0.52,-117.10,2.8421,2.6419,7.0260,0
41.215,0,0,0,0.00,-1.00,0.0,1600,1522,1.26,-0.52,-117.10,2.8421,2.6419,7.0260,0
41.232,0,0,0,0.00,-1.00,0.0,1600,1522,1.26,-0.52,-117.10,2.8421,2.6419,7.0260,0
41.249,0,0,0,0.00,-1.00,0.0,1600,1522,1.26,-0.52,-117.10,2.8421,2.6419,7.0260,0
41.266,0,0,0,0.00,-1.00,0.0,1600,1522,2.58,-0.99,-116.91,2.8421,2.6419,7.0260,0
41.283,0,0,0,0.00,-1.00,0.0,1600,1522,2.58,-0.99,-116.91,2.8421,2.6419,7.0260,0
41.302,269,20,91,8.87,31.33,192.1,1579,1522,2.58,-0.99,-116.91,2.8421,2.6419,7.0260,0
41.319,266,21,92,8.67,30.99,191.8,1562,1522,2.58,-0.99,-116.91,2.8421,2.6419,7.0260,0
41.336,261,21,92,8.51,30.99,191.8,1545,1522,2.58,-0.99,-116.91,2.5236,3.4321,7.3614,0
41.353,256,21,92,8.35,30.99,191.8,1536,1522,2.58,-0.99,-116.91,2.5236,3.4321,7.3614,0
41.370,251,21,92,8.18,30.99,191.8,1531,1522,2.58,-0.99,-116.91,2.5236,3.4321,7.3614,0
41.387,247,21,92,8.05,30.99,191.8,1531,1522,2.58,-0.99,-116.91,2.5236,3.4321,7.3614,0
41.404,242,21,92,7.89,30.99,191.8,1527,1522,2.58,-0.99,-116.91,2.5236,3.4321,7.3614,0
41.421,235,21,92,7.66,30.99,191.8,1522,1522,2.58,-0.99,-116.91,2.5236,3.4321,7.3614,0
41.438,229,21,92,7.47,30.99,191.8,1522,1522,2.58,-0.99,-116.91,2.5236,3.4321,7.3614,0
41.456,222,20,91,7.32,31.33,192.1,1522,1522,2.58,-0.99,-116.91,2.5236,3.4321,7.3614,0
41.474,215,21,92,7.01,30.99,191.8,1522,1522,2.58,-0.99,-116.91,2.5236,3.4321,7.3614,0
41.491,199,20,91,6.56,31.33,192.1,1471,1522,2.58,-0.99,-116.91,2.5236,3.4321,7.3614,0
41.508,191,20,91,6.30,31.33,192.1,1478,1522,2.58,-0.99,-116.91,2.5236,3.4321,7.3614,1
41.526,183,20,91,6.03,31.33,192.1,1522,1522,0.44,-0.49,-116.71,2.5236,3.4321,7.3614,1
41.543,175,20,91,5.77,31.33,192.1,1478,1522,0.44,-0.49,-116.71,2.5236,3.4321,7.3614,1
41.560,167,20,91,5.51,31.33,192.1,1478,1522,0.44,-0.49,-116.71,2.5236,3.4321,7.3614,1
41.577,158,20,91,5.21,31.33,192.1,1478,1522,0.44,-0.49,-116.71,2.5236,3.4321,7.3614,1
41.594,150,20,91,4.95,31.33,192.1,1478,1522,0.44,-0.49,-116.71,2.2723,2.8833,6.7953,1
41.611,141,20,91,4.65,31.33,192.1,1478,1522,0.44,-0.49,-116.71,2.2723,2.8833,6.7953,1
41.628,132,20,91,4.35,31.33,192.1,1477,1522,0.44,-0.49,-116.71,2.2723,2.8833,6.7953,1
41.645,123,20,91,4.05,31.33,192.1,1475,1522,0.44,-0.49,-116.71,2.2723,2.8833,6.7953,1
41.662,114,20,91,3.76,31.33,192.1,1473,1522,0.44,-0.49,-116.71,2.2723,2.8833,6.7953,1
41.679,104,19,90,3.47,31.68,192.5,1468,1522,0.44,-0.49,-116.71,2.2723,2.8833,6.7953,1
41.696,95,19,90,3.17,31.68,192.5,1468,1522,0.44,-0.49,-116.71,2.2723,2.8833,6.7953,1
41.713,86,18,89,2.90,32.03,192.8,1467,1522,0.44,-0.49,-116.71,2.2723,2.8833,6.7953,1
41.730,77,19,90,2.57,31.68,192.5,1465,1522,0.44,-0.49,-116.71,2.2723,2.8833,6.7953,1
41.746,69,18,89,2.33,32.03,192.8,1467,1522,0.44,-0.49,-116.71,2.2723,2.8833,6.7953,1
41.763,61,18,89,2.06,32.03,192.8,1466,1522,0.44,-0.49,-116.71,2.2723,2.8833,6.7953,1
41.780,52,18,89,1.75,32.03,192.8,1462,1522,-1.00,-0.40,-116.56,2.2723,2.8833,6.7953,1
41.797,45,18,89,1.52,32.03,192.8,1466,1522,-1.00,-0.40,-116.56,2.2723,2.8833,6.7953,1
41.814,38,18,89,1.28,32.03,192.8,1467,1522,-1.00,-0.40,-116.56,2.2723,2.8833,6.7953,1
41.831,30,18,89,1.01,32.03,192.8,1464,1522,-1.00,-0.40,-116.56,2.2716,2.4726,6.6282,1
41.848,23,18,89,0.78,32.03,192.8,1464,1522,-1.00,-0.40,-116.56,2.2716,2.4726,6.6282,1
41.865,16,18,89,0.54,32.03,192.8,1464,1522,-1.00,-0.40,-116.56,2.2716,2.4726,6.6282,1
41.882,9,16,87,0.31,32.77,193.5,1463,1522,-1.00,-0.40,-116.56,2.2716,2.4726,6.6282,1
41.899,2,16,87,0.07,32.77,193.5,1461,1522,-1.00,-0.40,-116.56,2.2716,2.4726,6.6282,1
41.916,-5,15,86,-0.17,33.15,193.9,1460,1522,-1.00,-0.40,-116.56,2.2716,2.4726,6.6282,1
41.933,-12,16,87,-0.41,32.77,193.5,1459,1522,-1.00,-0.40,-116.56,2.2716,2.4726,6.6282,1
41.950,-19,15,86,-0.66,33.15,193.9,1457,1522,-1.00,-0.40,-116.56,2.2716,2.4726,6.6282,1
41.967,-26,15,86,-0.91,33.15,193.9,1456,1522,-1.00,-0.40,-116.56,2.2716,2.4726,6.6282,1
41.984,-33,15,86,-1.15,33.15,193.9,1455,1522,-1.00,-0.40,-116.56,2.2716,2.4726,6.6282,1
42.001,-40,15,86,-1.40,33.15,193.9,1453,1522,-1.00,-0.40,-116.56,2.2716,2.4726,6.6282,1
42.018,-47,14,85,-1.66,33.54,194.2,1452,1522,-1.00,-0.40,-116.56,2.2716,2.4726,6.6282,1
42.035,-54,14,85,-1.91,33.54,194.2,1451,1522,-1.84,0.23,-116.35,2.2716,2.4726,6.6282,1
42.052,-60,14,85,-2.12,33.54,194.2,1452,1522,-1.84,0.23,-116.35,2.2716,2.4726,6.6282,1
42.069,-67,13,84,-2.39,33.94,194.6,1449,1522,-1.84,0.23,-116.35,2.2716,2.4726,6.6282,1
42.086,-72,13,84,-2.57,33.94,194.6,1453,1522,-1.84,0.23,-116.35,1.8092,3.5240,6.5064,1
42.103,-78,13,84,-2.79,33.94,194.6,1452,1522,-1.84,0.23,-116.35,1.8092,3.5240,6.5064,1
42.120,-83,14,85,-2.93,33.54,194.2,1453,1522,-1.84,0.23,-116.35,1.8092,3.5240,6.5064,1
42.137,-88,13,84,-3.14,33.94,194.6,1454,1522,-1.84,0.23,-116.35,1.8092,3.5240,6.5064,1
42.154,-93,13,84,-3.32,33.94,194.6,1453,1522,-1.84,0.23,-116.35,1.8092,3.5240,6.5064,1
42.171,-97,12,83,-3.51,34.35,194.9,1456,1522,-1.84,0.23,-116.35,1.8092,3.5240,6.5064,1
42.188,-101,12,83,-3.65,34.35,194.9,1456,1522,-1.84,0.23,-116.35,1.8092,3.5240,6.5064,1
42.206,-104,11,82,-3.80,34.77,195.3,1460,1522,-1.84,0.23,-116.35,1.8092,3.5240,6.5064,1
42.223,-108,11,82,-3.95,34.77,195.3,1458,1522,-1.84,0.23,-116.35,1.8092,3.5240,6.5064,1
42.240,-111,10,81,-4.11,35.20,195.6,1460,1522,-1.84,0.23,-116.35,1.8092,3.5240,6.5064,1
42.258,-117,9,80,-4.39,35.64,196.0,1460,1522,-1.84,0.23,-116.35,1.8092,3.5240,6.5064,1
42.275,-117,9,80,-4.39,35.64,196.0,1460,1522,-1.46,-0.45,-115.94,1.8092,3.5240,6.5064,1
42.292,-121,8,79,-4.59,36.09,196.3,1456,1500,-1.46,-0.45,-115.94,1.8092,3.5240,6.5064,1
42.309,-123,9,80,-4.61,35.64,196.0,1460,1522,-1.46,-0.45,-115.94,1.8092,3.5240,6.5064,1
42.326,-124,8,79,-4.71,36.09,196.3,1465,1522,-1.46,-0.45,-115.94,1.8092,3.5240,6.5064,1
42.343,-125,8,79,-4.75,36.09,196.3,1468,1522,-1.46,-0.45,-115.94,1.7325,3.3045,6.7054,1
42.360,-126,7,78,-4.85,36.55,196.7,1468,1500,-1.46,-0.45,-115.94,1.7325,3.3045,6.7054,1
42.377,-127,6,77,-4.95,37.02,197.0,1469,1500,-1.46,-0.45,-115.94,1.7325,3.3045,6.7054,1
42.394,-128,6,77,-4.99,37.02,197.0,1469,1522,-1.46,-0.45,-115.94,1.7325,3.3045,6.7054,1
42.411,-129,5,76,-5.09,37.51,197.4,1469,1500,-1.46,-0.45,-115.94,1.7325,3.3045,6.7054,1
42.428,-130,5,76,-5.13,37.51,197.4,1469,1500,-1.46,-0.45,-115.94,1.7325,3.3045,6.7054,1
42.445,-131,4,75,-5.24,38.01,197.8,1469,1500,-1.46,-0.45,-115.94,1.7325,3.3045,6.7054,1
42.462,-132,4,75,-5.28,38.01,197.8,1468,1500,-1.46,-0.45,-115.94,1.7325,3.3045,6.7054,1
42.479,-133,3,74,-5.39,38.53,198.1,1468,1478,-1.46,-0.45,-115.94,1.7325,3.3045,6.7054,1
42.496,-134,3,74,-5.43,38.53,198.1,1468,1500,-1.46,-0.45,-115.94,1.7325,3.3045,6.7054,1
42.513,-137,3,74,-5.55,38.53,198.1,1462,1500,-1.46,-0.45,-115.94,1.7325,3.3045,6.7054,1
42.530,-138,2,73,-5.67,39.05,198.4,1464,1478,-1.43,-1.70,-116.64,1.7325,3.3045,6.7054,1
42.547,-139,1,72,-5.79,39.60,198.8,1466,1478,-1.43,-1.70,-116.64,1.7325,3.3045,6.7054,1
42.564,-140,1,72,-5.83,39.60,198.8,1466,1500,-1.43,-1.70,-116.64,1.7325,3.3045,6.7054,1
42.581,-141,0,71,-5.96,40.15,199.1,1467,1478,-1.43,-1.70,-116.64,2.8110,2.8085,6.8622,1
42.598,-142,0,71,-6.00,40.15,199.1,1467,1478,-1.43,-1.70,-116.64,2.8110,2.8085,6.8622,1
42.615,-143,0,71,-6.04,40.15,199.1,1466,1500,-1.43,-1.70,-116.64,2.8110,2.8085,6.8622,1
42.632,-144,-1,70,-6.17,40.73,199.5,1466,1478,-1.43,-1.70,-116.64,2.8110,2.8085,6.8622,1
42.649,-145,-1,70,-6.21,40.73,199.5,1466,1478,-1.43,-1.70,-116.64,2.8110,2.8085,6.8622,1
42.666,-147,-2,69,-6.39,41.32,199.8,1463,1478,-1.43,-1.70,-116.64,2.8110,2.8085,6.8622,1
42.682,-148,-2,69,-6.43,41.32,199.8,1464,1478,-1.43,-1.70,-116.64,2.8110,2.8085,6.8622,1
42.699,-149,-2,69,-6.48,41.32,199.8,1464,1478,-1.43,-1.70,-116.64,2.8110,2.8085,6.8622,1
42.716,-149,-4,67,-6.67,42.55,200.5,1468,1478,-1.43,-1.70,-116.64,2.8110,2.8085,6.8622,1
42.733,-151,-4,67,-6.76,42.55,200.5,1464,1478,-1.43,-1.70,-116.64,2.8110,2.8085,6.8622,1
42.750,-152,-4,67,-6.81,42.55,200.5,1464,1478,-1.43,-1.70,-116.64,2.8110,2.8085,6.8622,1
42.768,-154,-4,67,-6.90,42.55,200.5,1461,1478,-0.87,-1.92,-116.26,2.8110,2.8085,6.8622,1
42.785,-156,-5,66,-7.09,43.20,200.9,1460,1478,-0.87,-1.92,-116.26,2.8110,2.8085,6.8622,1
42.802,-158,-5,66,-7.18,43.20,200.9,1459,1478,-0.87,-1.92,-116.26,2.8110,2.8085,6.8622,1
42.819,-160,-5,66,-7.27,43.20,200.9,1458,1478,-0.87,-1.92,-116.26,2.8110,2.8085,6.8622,1
42.836,-163,-6,65,-7.52,43.86,201.2,1454,1478,-0.87,-1.92,-116.26,2.8950,2.8425,7.3023,1
42.853,-165,-6,65,-7.62,43.86,201.2,1455,1478,-0.87,-1.92,-116.26,2.8950,2.8425,7.3023,1
42.869,-168,-6,65,-7.75,43.86,201.2,1452,1478,-0.87,-1.92,-116.26,2.8950,2.8425,7.3023,1
42.887,-171,-7,64,-8.02,44.55,201.6,1451,1478,-0.87,-1.92,-116.26,2.8950,2.8425,7.3023,1
42.904,-174,-7,64,-8.16,44.55,201.6,1449,1478,-0.87,-1.92,-116.26,2.8950,2.8425,7.3023,1
42.921,-176,-7,64,-8.25,44.55,201.6,1452,1478,-0.87,-1.92,-116.26,2.8950,2.8425,7.3023,1
42.938,-178,-7,64,-8.34,44.55,201.6,1452,1478,-0.87,-1.92,-116.26,2.8950,2.8425,7.3023,1
42.955,-180,-7,64,-8.44,44.55,201.6,1453,1478,-0.87,-1.92,-116.26,2.8950,2.8425,7.3023,1
42.972,-182,-7,64,-8.53,44.55,201.6,1452,1478,-0.87,-1.92,-116.26,2.8950,2.8425,7.3023,1
42.989,-183,-8,63,-8.71,45.25,201.9,1456,1478,-0.87,-1.92,-116.26,2.8950,2.8425,7.3023,1
43.006,-185,-8,63,-8.81,45.25,201.9,1454,1478,-0.87,-1.92,-116.26,2.8950,2.8425,7.3023,1
43.023,-186,-8,63,-8.86,45.25,201.9,1456,1478,-0.94,-2.48,-115.83,2.8950,2.8425,7.3023,1
43.041,-188,-8,63,-8.95,45.25,201.9,1454,1478,-0.94,-2.48,-115.83,2.8950,2.8425,7.3023,1
43.058,-194,-9,62,-9.39,45.98,202.3,1440,1478,-0.94,-2.48,-115.83,2.8950,2.8425,7.3023,1
43.075,-196,-9,62,-9.48,45.98,202.3,1451,1478,-0.94,-2.48,-115.83,2.8950,2.8425,7.3023,1
43.092,-199,-9,62,-9.63,45.98,202.3,1442,1478,-0.94,-2.48,-115.83,3.3213,1.8747,6.9020,1
43.109,-202,-9,62,-9.77,45.98,202.3,1442,1478,-0.94,-2.48,-115.83,3.3213,1.8747,6.9020,1
43.126,-205,-9,62,-9.92,45.98,202.3,1427,1478,-0.94,-2.48,-115.83,3.3213,1.8747,6.9020,0
43.143,-209,-10,61,-10.28,46.74,202.6,1423,1478,-0.94,-2.48,-115.83,3.3213,1.8747,6.9020,0
43.160,-213,-10,61,-10.48,46.74,202.6,1420,1478,-0.94,-2.48,-115.83,3.3213,1.8747,6.9020,0
43.177,-216,-10,61,-10.62,46.74,202.6,1423,1478,-0.94,-2.48,-115.83,3.3213,1.8747,6.9020,0
43.194,-219,-10,61,-10.77,46.74,202.6,1423,1478,-0.94,-2.48,-115.83,3.3213,1.8747,6.9020,0
43.211,-223,-10,61,-10.97,46.74,202.6,1419,1478,-0.94,-2.48,-115.83,3.3213,1.8747,6.9020,0
43.228,-226,-10,61,-11.11,46.74,202.6,1421,1478,-0.94,-2.48,-115.83,3.3213,1.8747,6.9020,0
43.245,-230,-10,61,-11.31,46.74,202.6,1417,1478,-0.94,-2.48,-115.83,3.3213,1.8747,6.9020,0
43.262,-234,-10,61,-11.51,46.74,202.6,1415,1478,-0.94,-2.48,-115.83,3.3213,1.8747,6.9020,0
43.279,-238,-10,61,-11.70,46.74,202.6,1413,1478,-2.19,-2.25,-115.30,3.3213,1.8747,6.9020,0
43.296,-243,-10,61,-11.95,46.74,202.6,1408,1478,-2.19,-2.25,-115.30,3.3213,1.8747,6.9020,0
43.313,-248,-10,61,-12.20,46.74,202.6,1405,1478,-2.19,-2.25,-115.30,3.3213,1.8747,6.9020,0
43.330,-251,-10,61,-12.34,46.74,202.6,1410,1478,-2.19,-2.25,-115.30,3.5831,1.7132,7.5769,0
43.347,-255,-10,61,-12.54,46.74,202.6,1409,1478,-2.19,-2.25,-115.30,3.5831,1.7132,7.5769,0
43.364,-258,-10,61,-12.69,46.74,202.6,1412,1478,-2.19,-2.25,-115.30,3.5831,1.7132,7.5769,0
43.381,-262,-9,62,-12.68,45.98,202.3,1409,1478,-2.19,-2.25,-115.30,3.5831,1.7132,7.5769,0
43.398,-266,-9,62,-12.87,45.98,202.3,1407,1478,-2.19,-2.25,-115.30,3.5831,1.7132,7.5769,0
43.415,-269,-9,62,-13.02,45.98,202.3,1409,1478,-2.19,-2.25,-115.30,3.5831,1.7132,7.5769,0
43.432,-273,-9,62,-13.21,45.98,202.3,1406,1478,-2.19,-2.25,-115.30,3.5831,1.7132,7.5769,0
43.449,-276,-9,62,-13.35,45.98,202.3,1408,1478,-2.19,-2.25,-115.30,3.5831,1.7132,7.5769,0
43.466,-279,-9,62,-13.50,45.98,202.3,1408,1478,-2.19,-2.25,-115.30,3.5831,1.7132,7.5769,0
43.483,-281,-9,62,-13.60,45.98,202.3,1412,1478,-2.19,-2.25,-115.30,3.5831,1.7132,7.5769,0
43.500,-284,-9,62,-13.74,45.98,202.3,1410,1478,-2.19,-2.25,-115.30,3.5831,1.7132,7.5769,0
43.517,-286,-9,62,-13.84,45.98,202.3,1412,1478,-3.50,-1.70,-114.67,3.5831,1.7132,7.5769,0
43.534,-286,-10,61,-14.07,46.74,202.6,1420,1478,-3.50,-1.70,-114.67,3.5831,1.7132,7.5769,0
43.551,0,0,0,0.00,-1.00,0.0,1420,1478,-3.50,-1.70,-114.67,3.5831,1.7132,7.5769,0
43.568,0,0,0,0.00,-1.00,0.0,1420,1478,-3.50,-1.70,-114.67,3.5831,1.7132,7.5769,0
43.585,0,0,0,0.00,-1.00,0.0,1420,1478,-3.50,-1.70,-114.67,3.2200,1.7163,7.4667,0
43.602,0,0,0,0.00,-1.00,0.0,1419,1478,-3.50,-1.70,-114.67,3.2200,1.7163,7.4667,0
43.619,0,0,0,0.00,-1.00,0.0,1419,1478,-3.50,-1.70,-114.67,3.2200,1.7163,7.4667,0
43.637,0,0,0,0.00,-1.00,0.0,1419,1478,-3.50,-1.70,-114.67,3.2200,1.7163,7.4667,0
43.655,0,0,0,0.00,-1.00,0.0,1418,1478,-3.50,-1.70,-114.67,3.2200,1.7163,7.4667,0
43.672,0,0,0,0.00,-1.00,0.0,1418,1478,-3.50,-1.70,-114.67,3.2200,1.7163,7.4667,0
43.689,-286,-8,63,-13.62,45.25,201.9,1418,1478,-3.50,-1.70,-114.67,3.2200,1.7163,7.4667,0
43.707,-285,-7,64,-13.36,44.55,201.6,1425,1478,-3.50,-1.70,-114.67,3.2200,1.7163,7.4667,0
43.723,-285,-7,64,-13.36,44.55,201.6,1427,1478,-3.50,-1.70,-114.67,3.2200,1.7163,7.4667,0
43.740,-285,-7,64,-13.36,44.55,201.6,1428,1478,-3.50,-1.70,-114.67,3.2200,1.7163,7.4667,0
43.758,-281,-7,64,-13.17,44.55,201.6,1444,1478,-3.50,-1.70,-114.67,3.2200,1.7163,7.4667,0
43.776,-278,-6,65,-12.83,43.86,201.2,1448,1478,-3.69,-1.28,-115.05,3.2200,1.7163,7.4667,0
43.793,-276,-6,65,-12.74,43.86,201.2,1447,1478,-3.69,-1.28,-115.05,3.2200,1.7163,7.4667,0
43.810,-273,-6,65,-12.60,43.86,201.2,1450,1478,-3.69,-1.28,-115.05,3.2200,1.7163,7.4667,0
43.827,-271,-6,65,-12.51,43.86,201.2,1449,1478,-3.69,-1.28,-115.05,2.9462,1.7474,5.9516,0
43.844,-269,-6,65,-12.42,43.86,201.2,1448,1478,-3.69,-1.28,-115.05,2.9462,1.7474,5.9516,0
43.860,-267,-6,65,-12.32,43.86,201.2,1448,1478,-3.69,-1.28,-115.05,2.9462,1.7474,5.9516,0
43.877,-265,-5,66,-12.05,43.20,200.9,1449,1500,-3.69,-1.28,-115.05,2.9462,1.7474,5.9516,0
43.894,-262,-5,66,-11.91,43.20,200.9,1453,1478,-3.69,-1.28,-115.05,2.9462,1.7474,5.9516,0
43.911,-259,-5,66,-11.77,43.20,200.9,1455,1478,-3.69,-1.28,-115.05,2.9462,1.7474,5.9516,0
43.928,-255,-4,67,-11.42,42.55,200.5,1461,1500,-3.69,-1.28,-115.05,2.9462,1.7474,5.9516,0
43.945,-252,-4,67,-11.28,42.55,200.5,1460,1478,-3.69,-1.28,-115.05,2.9462,1.7474,5.9516,0
43.962,-248,-4,67,-11.10,42.55,200.5,1464,1478,-3.69,-1.28,-115.05,2.9462,1.7474,5.9516,0
43.979,-245,-4,67,-10.97,42.55,200.5,1462,1478,-3.69,-1.28,-115.05,2.9462,1.7474,5.9516,0
43.996,-241,-4,67,-10.79,42.55,200.5,1466,1478,-3.69,-1.28,-115.05,2.9462,1.7474,5.9516,0
44.013,-237,-3,68,-10.46,41.92,200.2,1468,1522,-3.69,-1.28,-115.05,2.9462,1.7474,5.9516,0
44.030,-232,-3,68,-10.24,41.92,200.2,1474,1500,-2.29,-0.57,-114.92,2.9462,1.7474,5.9516,0
44.047,-228,-3,68,-10.06,41.92,200.2,1473,1478,-2.29,-0.57,-114.92,2.9462,1.7474,5.9516,0
44.064,-223,-2,69,-9.70,41.32,199.8,1477,1522,-2.29,-0.57,-114.92,2.9462,1.7474,5.9516,0
44.081,-219,-2,69,-9.52,41.32,199.8,1476,1500,-2.29,-0.57,-114.92,3.1515,1.9419,5.8744,0
44.098,-214,-2,69,-9.30,41.32,199.8,1478,1500,-2.29,-0.57,-114.92,3.1515,1.9419,5.8744,0
44.115,-209,-2,69,-9.09,41.32,199.8,1478,1478,-2.29,-0.57,-114.92,3.1515,1.9419,5.8744,0
44.132,-204,-1,70,-8.74,40.73,199.5,1478,1522,-2.29,-0.57,-114.92,3.1515,1.9419,5.8744,0
44.149,-199,-1,70,-8.53,40.73,199.5,1478,1500,-2.29,-0.57,-114.92,3.1515,1.9419,5.8744,1
44.167,-194,-1,70,-8.31,40.73,199.5,1478,1500,-2.29,-0.57,-114.92,3.1515,1.9419,5.8744,1
44.184,-189,-1,70,-8.10,40.73,199.5,1478,1500,-2.29,-0.57,-114.92,3.1515,1.9419,5.8744,1
44.201,-183,0,71,-7.73,40.15,199.1,1478,1522,-2.29,-0.57,-114.92,3.1515,1.9419,5.8744,1
44.218,-175,-1,70,-7.50,40.73,199.5,1522,1478,-2.29,-0.57,-114.92,3.1515,1.9419,5.8744,1
44.235,-170,0,71,-7.18,40.15,199.1,1500,1522,-2.29,-0.57,-114.92,3.1515,1.9419,5.8744,1
44.252,-163,0,71,-6.89,40.15,199.1,1522,1500,-2.29,-0.57,-114.92,3.1515,1.9419,5.8744,1
44.269,-157,0,71,-6.63,40.15,199.1,1522,1500,-0.88,-0.33,-114.92,3.1515,1.9419,5.8744,1
44.286,-150,0,71,-6.34,40.15,199.1,1522,1500,-0.88,-0.33,-114.92,3.1515,1.9419,5.8744,1
44.303,-143,0,71,-6.04,40.15,199.1,1522,1500,-0.88,-0.33,-114.92,3.1515,1.9419,5.8744,1
44.321,-135,1,72,-5.62,39.60,198.8,1522,1522,-0.88,-0.33,-114.92,3.1515,1.9419,5.8744,1
44.340,-128,1,72,-5.33,39.60,198.8,1522,1522,-0.88,-0.33,-114.92,3.2469,2.1243,6.0408,1
44.357,-112,2,73,-4.60,39.05,198.4,1540,1522,-0.88,-0.33,-114.92,3.2469,2.1243,6.0408,1
44.374,-104,2,73,-4.27,39.05,198.4,1532,1522,-0.88,-0.33,-114.92,3.2469,2.1243,6.0408,1
44.391,-95,2,73,-3.90,39.05,198.4,1532,1522,-0.88,-0.33,-114.92,3.2469,2.1243,6.0408,1
44.408,-85,1,72,-3.54,39.60,198.8,1536,1478,-0.88,-0.33,-114.92,3.2469,2.1243,6.0408,1
44.425,-77,2,73,-3.16,39.05,198.4,1533,1522,-0.88,-0.33,-114.92,3.2469,2.1243,6.0408,1
44.442,-67,2,73,-2.75,39.05,198.4,1539,1522,-0.88,-0.33,-114.92,3.2469,2.1243,6.0408,1
44.459,-58,2,73,-2.38,39.05,198.4,1540,1522,-0.88,-0.33,-114.92,3.2469,2.1243,6.0408,1
44.476,-49,2,73,-2.01,39.05,198.4,1540,1500,-0.88,-0.33,-114.92,3.2469,2.1243,6.0408,1
44.493,-40,3,74,-1.62,38.53,198.1,1542,1522,-0.88,-0.33,-114.92,3.2469,2.1243,6.0408,1
44.510,-30,3,74,-1.22,38.53,198.1,1547,1522,-0.88,-0.33,-114.92,3.2469,2.1243,6.0408,1
44.527,-21,3,74,-0.85,38.53,198.1,1548,1522,-0.12,-0.65,-116.93,3.2469,2.1243,6.0408,1
44.544,-12,4,75,-0.48,38.01,197.8,1548,1522,-0.12,-0.65,-116.93,3.2469,2.1243,6.0408,1
44.561,-4,4,75,-0.16,38.01,197.8,1547,1522,-0.12,-0.65,-116.93,3.2469,2.1243,6.0408,1
44.578,4,5,76,0.16,37.51,197.4,1547,1522,-0.12,-0.65,-116.93,3.2469,2.1243,6.0408,1
44.595,12,5,76,0.47,37.51,197.4,1548,1522,-0.12,-0.65,-116.93,2.0032,2.5356,7.1131,1
44.612,19,4,75,0.76,38.01,197.8,1546,1500,-0.12,-0.65,-116.93,2.0032,2.5356,7.1131,1
44.629,25,5,76,0.99,37.51,197.4,1543,1522,-0.12,-0.65,-116.93,2.0032,2.5356,7.1131,1
44.646,31,5,76,1.22,37.51,197.4,1541,1522,-0.12,-0.65,-116.93,2.0032,2.5356,7.1131,1
44.663,35,5,76,1.38,37.51,197.4,1536,1522,-0.12,-0.65,-116.93,2.0032,2.5356,7.1131,1
44.680,41,5,76,1.62,37.51,197.4,1539,1522,-0.12,-0.65,-116.93,2.0032,2.5356,7.1131,1
44.697,45,6,77,1.75,37.02,197.0,1536,1522,-0.12,-0.65,-116.93,2.0032,2.5356,7.1131,1
44.714,49,6,77,1.91,37.02,197.0,1534,1522,-0.12,-0.65,-116.93,2.0032,2.5356,7.1131,1
44.730,53,7,78,2.04,36.55,196.7,1533,1522,-0.12,-0.65,-116.93,2.0032,2.5356,7.1131,1
44.748,56,7,78,2.15,36.55,196.7,1531,1522,-0.12,-0.65,-116.93,2.0032,2.5356,7.1131,1
44.765,59,7,78,2.27,36.55,196.7,1529,1522,0.11,-0.42,-117.46,2.0032,2.5356,7.1131,1
44.782,62,8,79,2.35,36.09,196.3,1529,1522,0.11,-0.42,-117.46,2.0032,2.5356,7.1131,1
44.799,65,8,79,2.47,36.09,196.3,1529,1522,0.11,-0.42,-117.46,2.0032,2.5356,7.1131,1
44.816,67,8,79,2.54,36.09,196.3,1527,1522,0.11,-0.42,-117.46,2.0032,2.5356,7.1131,1
44.833,69,9,80,2.59,35.64,196.0,1526,1522,0.11,-0.42,-117.46,1.5721,2.6235,7.1020,1
44.850,72,11,82,2.63,34.77,195.3,1528,1522,0.11,-0.42,-117.46,1.5721,2.6235,7.1020,1
44.867,74,11,82,2.71,34.77,195.3,1527,1522,0.11,-0.42,-117.46,1.5721,2.6235,7.1020,1
44.884,77,12,83,2.78,34.35,194.9,1529,1522,0.11,-0.42,-117.46,1.5721,2.6235,7.1020,1
44.901,80,12,83,2.89,34.35,194.9,1531,1522,0.11,-0.42,-117.46,1.5721,2.6235,7.1020,1
44.918,84,12,83,3.04,34.35,194.9,1536,1522,0.11,-0.42,-117.46,1.5721,2.6235,7.1020,1
44.935,88,13,84,3.14,33.94,194.6,1538,1522,0.11,-0.42,-117.46,1.5721,2.6235,7.1020,1
44.954,91,13,84,3.25,33.94,194.6,1536,1522,0.11,-0.42,-117.46,1.5721,2.6235,7.1020,1
44.972,95,13,84,3.39,33.94,194.6,1538,1522,0.11,-0.42,-117.46,1.5721,2.6235,7.1020,1
44.989,102,15,86,3.56,33.15,193.9,1540,1522,0.11,-0.42,-117.46,1.5721,2.6235,7.1020,1
45.006,102,15,86,3.56,33.15,193.9,1539,1522,0.11,-0.42,-117.46,1.5721,2.6235,7.1020,1
45.023,109,15,86,3.80,33.15,193.9,1550,1522,-0.46,-1.11,-117.60,1.5721,2.6235,7.1020,1
45.040,113,17,88,3.85,32.40,193.2,1548,1522,-0.46,-1.11,-117.60,1.5721,2.6235,7.1020,1
45.057,116,18,89,3.91,32.03,192.8,1544,1522,-0.46,-1.11,-117.60,1.5721,2.6235,7.1020,1
45.074,119,18,89,4.01,32.03,192.8,1542,1522,-0.46,-1.11,-117.60,1.5721,2.6235,7.1020,1
45.091,122,19,90,4.07,31.68,192.5,1542,1522,-0.46,-1.11,-117.60,1.5224,2.8566,7.0403,1
45.108,125,19,90,4.17,31.68,192.5,1542,1522,-0.46,-1.11,-117.60,1.5224,2.8566,7.0403,1
45.125,129,20,91,4.25,31.33,192.1,1545,1522,-0.46,-1.11,-117.60,1.5224,2.8566,7.0403,1
45.142,132,20,91,4.35,31.33,192.1,1544,1522,-0.46,-1.11,-117.60,1.5224,2.8566,7.0403,1
45.159,135,21,92,4.40,30.99,191.8,1544,1522,-0.46,-1.11,-117.60,1.5224,2.8566,7.0403,1
45.176,139,21,92,4.53,30.99,191.8,1548,1522,-0.46,-1.11,-117.60,1.5224,2.8566,7.0403,1
45.193,142,22,93,4.58,30.65,191.4,1546,1522,-0.46,-1.11,-117.60,1.5224,2.8566,7.0403,1
45.210,146,23,94,4.66,30.33,191.1,1549,1522,-0.46,-1.11,-117.60,1.5224,2.8566,7.0403,1
45.227,150,23,94,4.79,30.33,191.1,1551,1522,-0.46,-1.11,-117.60,1.5224,2.8566,7.0403,1
45.244,156,25,96,4.88,29.70,190.4,1558,1522,-0.46,-1.11,-117.60,1.5224,2.8566,7.0403,1
45.261,160,25,96,5.00,29.70,190.4,1556,1522,-0.46,-1.11,-117.60,1.5224,2.8566,7.0403,1
45.278,166,27,98,5.08,29.09,189.7,1562,1524,0.22,-0.81,-117.50,1.5224,2.8566,7.0403,1
45.295,170,27,98,5.20,29.09,189.7,1560,1522,0.22,-0.81,-117.50,1.5224,2.8566,7.0403,1
45.312,175,28,99,5.30,28.80,189.3,1561,1522,0.22,-0.81,-117.50,1.5224,2.8566,7.0403,1
45.329,179,28,99,5.42,28.80,189.3,1560,1522,0.22,-0.81,-117.50,1.5449,3.7112,7.0071,1
45.346,184,30,101,5.47,28.23,188.6,1563,1525,0.22,-0.81,-117.50,1.5449,3.7112,7.0071,1
45.363,189,30,101,5.61,28.23,188.6,1581,1528,0.22,-0.81,-117.50,1.5449,3.7112,7.0071,0
45.379,195,31,102,5.74,27.95,188.3,1587,1530,0.22,-0.81,-117.50,1.5449,3.7112,7.0071,0
45.396,199,32,103,5.80,27.68,187.9,1583,1532,0.22,-0.81,-117.50,1.5449,3.7112,7.0071,0
45.413,204,33,104,5.88,27.41,187.6,1585,1533,0.22,-0.81,-117.50,1.5449,3.7112,7.0071,0
45.430,208,34,105,5.94,27.15,187.2,1583,1534,0.22,-0.81,-117.50,1.5449,3.7112,7.0071,0
45.447,214,35,106,6.06,26.90,186.9,1590,1535,0.22,-0.81,-117.50,1.5449,3.7112,7.0071,0
45.464,218,36,107,6.11,26.64,186.5,1587,1536,0.22,-0.81,-117.50,1.5449,3.7112,7.0071,0
45.481,222,38,109,6.11,26.16,185.8,1586,1541,0.22,-0.81,-117.50,1.5449,3.7112,7.0071,0
45.498,227,38,109,6.25,26.16,185.8,1589,1535,0.22,-0.81,-117.50,1.5449,3.7112,7.0071,0
45.515,231,40,111,6.24,25.68,185.1,1588,1541,0.22,-0.81,-117.50,1.5449,3.7112,7.0071,0
45.532,236,41,112,6.32,25.45,184.8,1592,1541,1.81,-0.78,-117.48,1.5449,3.7112,7.0071,0
45.549,241,42,113,6.40,25.23,184.4,1594,1541,1.81,-0.78,-117.48,1.5449,3.7112,7.0071,0
45.566,245,43,114,6.45,25.01,184.1,1592,1542,1.81,-0.78,-117.48,1.5449,3.7112,7.0071,0
45.583,249,44,115,6.50,24.79,183.8,1592,1542,1.81,-0.78,-117.48,1.6102,3.5093,7.4892,0
45.600,254,46,117,6.51,24.37,183.0,1595,1547,1.81,-0.78,-117.48,1.6102,3.5093,7.4892,0
45.617,255,45,116,6.59,24.58,183.4,1583,1537,1.81,-0.78,-117.48,1.6102,3.5093,7.4892,0
45.635,0,0,0,0.00,-1.00,0.0,1584,1538,1.81,-0.78,-117.48,1.6102,3.5093,7.4892,0
45.652,0,0,0,0.00,-1.00,0.0,1584,1538,1.81,-0.78,-117.48,1.6102,3.5093,7.4892,0
45.669,0,0,0,0.00,-1.00,0.0,1585,1538,1.81,-0.78,-117.48,1.6102,3.5093,7.4892,0
45.686,0,0,0,0.00,-1.00,0.0,1586,1538,1.81,-0.78,-117.48,1.6102,3.5093,7.4892,0
45.706,0,0,0,0.00,-1.00,0.0,1587,1539,1.81,-0.78,-117.48,1.6102,3.5093,7.4892,0
45.723,0,0,0,0.00,-1.00,0.0,1587,1539,1.81,-0.78,-117.48,1.6102,3.5093,7.4892,0
45.740,0,0,0,0.00,-1.00,0.0,1588,1539,1.81,-0.78,-117.48,1.6102,3.5093,7.4892,0
45.757,0,0,0,0.00,-1.00,0.0,1589,1539,1.81,-0.78,-117.48,1.6102,3.5093,7.4892,0
45.774,0,0,0,0.00,-1.00,0.0,1589,1539,2.30,-0.33,-117.54,1.6102,3.5093,7.4892,0
45.792,0,0,0,0.00,-1.00,0.0,1590,1540,2.30,-0.33,-117.54,1.6102,3.5093,7.4892,0
45.809,0,0,0,0.00,-1.00,0.0,1591,1540,2.30,-0.33,-117.54,1.6102,3.5093,7.4892,0
45.825,0,0,0,0.00,-1.00,0.0,1592,1540,2.30,-0.33,-117.54,1.4594,3.2291,7.9681,0
45.842,0,0,0,0.00,-1.00,0.0,1592,1540,2.30,-0.33,-117.54,1.4594,3.2291,7.9681,0
45.859,0,0,0,0.00,-1.00,0.0,1593,1540,2.30,-0.33,-117.54,1.4594,3.2291,7.9681,0
45.876,0,0,0,0.00,-1.00,0.0,1594,1541,2.30,-0.33,-117.54,1.4594,3.2291,7.9681,0
45.893,0,0,0,0.00,-1.00,0.0,1594,1541,2.30,-0.33,-117.54,1.4594,3.2291,7.9681,0
45.910,0,0,0,0.00,-1.00,0.0,1595,1541,2.30,-0.33,-117.54,1.4594,3.2291,7.9681,0
45.927,0,0,0,0.00,-1.00,0.0,1596,1541,2.30,-0.33,-117.54,1.4594,3.2291,7.9681,0
45.944,0,0,0,0.00,-1.00,0.0,1596,1541,2.30,-0.33,-117.54,1.4594,3.2291,7.9681,0
45.961,0,0,0,0.00,-1.00,0.0,1597,1541,2.30,-0.33,-117.54,1.4594,3.2291,7.9681,0
45.978,0,0,0,0.00,-1.00,0.0,1598,1542,2.30,-0.33,-117.54,1.4594,3.2291,7.9681,0
45.995,0,0,0,0.00,-1.00,0.0,1599,1542,2.30,-0.33,-117.54,1.4594,3.2291,7.9681,0
46.012,0,0,0,0.00,-1.00,0.0,1599,1542,2.30,-0.33,-117.54,1.4594,3.2291,7.9681,0
46.029,0,0,0,0.00,-1.00,0.0,1600,1542,2.41,0.10,-116.92,1.4594,3.2291,7.9681,0
46.046,0,0,0,0.00,-1.00,0.0,1600,1542,2.41,0.10,-116.92,1.4594,3.2291,7.9681,0
46.063,231,94,165,4.20,17.28,166.2,1567,1576,2.41,0.10,-116.92,1.4594,3.2291,7.9681,0
46.080,228,100,171,4.00,16.67,164.1,1551,1600,2.41,0.10,-116.92,1.7748,3.7169,7.1443,0
46.097,221,104,175,3.79,16.29,162.8,1527,1600,2.41,0.10,-116.92,1.7748,3.7169,7.1443,0
46.114,212,106,177,3.59,16.11,162.0,1522,1600,2.41,0.10,-116.92,1.7748,3.7169,7.1443,0
46.131,203,109,180,3.38,15.84,161.0,1478,1600,2.41,0.10,-116.92,1.7748,3.7169,7.1443,0
46.148,193,111,182,3.18,15.66,160.3,1478,1600,2.41,0.10,-116.92,1.7748,3.7169,7.1443,0
46.165,183,113,184,2.98,15.49,159.6,1478,1600,2.41,0.10,-116.92,1.7748,3.7169,7.1443,0
46.182,172,114,185,2.79,15.41,159.2,1471,1600,2.41,0.10,-116.92,1.7748,3.7169,7.1443,0
46.199,160,118,189,2.54,15.08,157.8,1462,1600,2.41,0.10,-116.92,1.7748,3.7169,7.1443,0
46.216,147,121,192,2.30,14.85,156.8,1452,1600,2.41,0.10,-116.92,1.7748,3.7169,7.1443,0
46.233,132,124,195,2.03,14.62,155.8,1438,1600,2.41,0.10,-116.92,1.7748,3.7169,7.1443,0
46.250,118,127,198,1.79,14.40,154.7,1433,1600,2.41,0.10,-116.92,1.7748,3.7169,7.1443,0
46.267,102,131,202,1.51,14.11,153.3,1421,1600,0.22,2.60,-116.39,1.7748,3.7169,7.1443,0
46.285,85,132,203,1.26,14.04,152.9,1411,1600,0.22,2.60,-116.39,1.7748,3.7169,7.1443,0
46.302,69,135,206,1.00,13.84,151.9,1408,1600,0.22,2.60,-116.39,1.7748,3.7169,7.1443,0
46.319,52,136,207,0.75,13.77,151.5,1400,1600,0.22,2.60,-116.39,1.7748,3.7169,7.1443,0
46.337,34,139,210,0.49,13.58,150.5,1400,1600,0.22,2.60,-116.39,2.1850,3.7243,6.8615,0
46.354,-1,143,214,-0.01,13.32,149.1,1400,1600,0.22,2.60,-116.39,2.1850,3.7243,6.8615,0
46.371,-17,144,215,-0.24,13.26,148.8,1400,1600,0.22,2.60,-116.39,2.1850,3.7243,6.8615,0
46.388,-31,145,216,-0.43,13.20,148.4,1400,1600,0.22,2.60,-116.39,2.1850,3.7243,6.8615,0
46.406,-46,147,218,-0.63,13.08,147.7,1432,1600,0.22,2.60,-116.39,2.1850,3.7243,6.8615,0
46.423,-60,147,218,-0.83,13.08,147.7,1400,1600,0.22,2.60,-116.39,2.1850,3.7243,6.8615,0
46.440,-71,145,216,-0.99,13.20,148.4,1400,1600,0.22,2.60,-116.39,2.1850,3.7243,6.8615,0
46.457,-81,146,217,-1.12,13.14,148.0,1400,1600,0.22,2.60,-116.39,2.1850,3.7243,6.8615,0
46.474,-91,144,215,-1.27,13.26,148.8,1400,1600,0.22,2.60,-116.39,2.1850,3.7243,6.8615,0
46.491,-98,144,215,-1.37,13.26,148.8,1412,1600,0.22,2.60,-116.39,2.1850,3.7243,6.8615,0
46.508,-105,143,214,-1.47,13.32,149.1,1417,1600,0.22,2.60,-116.39,2.1850,3.7243,6.8615,0
46.524,-111,143,214,-1.56,13.32,149.1,1423,1600,-2.61,3.27,-116.42,2.1850,3.7243,6.8615,0
46.541,-115,142,213,-1.62,13.38,149.4,1433,1600,-2.61,3.27,-116.42,2.1850,3.7243,6.8615,0
46.558,-120,141,212,-1.70,13.45,149.8,1433,1600,-2.61,3.27,-116.42,2.1850,3.7243,6.8615,0
46.575,-123,141,212,-1.74,13.45,149.8,1441,1600,-2.61,3.27,-116.42,2.1850,3.7243,6.8615,0
46.592,-125,139,210,-1.79,13.58,150.5,1448,1600,-2.61,3.27,-116.42,3.8789,2.9936,7.2555,0
46.609,-126,137,208,-1.82,13.71,151.2,1455,1598,-2.61,3.27,-116.42,3.8789,2.9936,7.2555,0
46.626,-125,135,206,-1.82,13.84,151.9,1466,1595,-2.61,3.27,-116.42,3.8789,2.9936,7.2555,0
46.643,-124,133,204,-1.82,13.97,152.6,1471,1593,-2.61,3.27,-116.42,3.8789,2.9936,7.2555,0
46.660,-121,131,202,-1.80,14.11,153.3,1478,1591,-2.61,3.27,-116.42,3.8789,2.9936,7.2555,0
46.677,-118,128,199,-1.78,14.33,154.3,1478,1585,-2.61,3.27,-116.42,3.8789,2.9936,7.2555,0
46.694,-114,127,198,-1.73,14.40,154.7,1478,1589,-2.61,3.27,-116.42,3.8789,2.9936,7.2555,0
46.711,-109,124,195,-1.68,14.62,155.8,1522,1582,-2.61,3.27,-116.42,3.8789,2.9936,7.2555,0
46.728,-104,121,192,-1.62,14.85,156.8,1522,1578,-2.61,3.27,-116.42,3.8789,2.9936,7.2555,0
46.745,-98,118,189,-1.56,15.08,157.8,1522,1574,-2.61,3.27,-116.42,3.8789,2.9936,7.2555,0
46.762,-92,115,186,-1.48,15.33,158.9,1522,1571,-0.79,2.65,-116.96,3.8789,2.9936,7.2555,0
46.779,-85,111,182,-1.40,15.66,160.3,1523,1564,-0.79,2.65,-116.96,3.8789,2.9936,7.2555,0
46.796,-78,108,179,-1.31,15.93,161.3,1527,1563,-0.79,2.65,-116.96,3.8789,2.9936,7.2555,0
46.813,-72,105,176,-1.23,16.20,162.4,1526,1562,-0.79,2.65,-116.96,3.8789,2.9936,7.2555,0
46.830,-65,102,173,-1.13,16.48,163.4,1530,1560,-0.79,2.65,-116.96,2.1167,3.2512,7.1962,0
46.847,-60,99,170,-1.06,16.77,164.5,1526,1558,-0.79,2.65,-116.96,2.1167,3.2512,7.1962,0
46.864,-55,95,166,-0.99,17.17,165.9,1524,1551,-0.79,2.65,-116.96,2.1167,3.2512,7.1962,0
46.881,-51,92,163,-0.94,17.49,166.9,1522,1550,-0.79,2.65,-116.96,2.1167,3.2512,7.1962,0
46.898,-48,89,160,-0.90,17.82,168.0,1522,1549,-0.79,2.65,-116.96,2.1167,3.2512,7.1962,0
46.915,-45,86,157,-0.86,18.16,169.0,1522,1547,-0.79,2.65,-116.96,2.1167,3.2512,7.1962,0
46.933,-43,83,154,-0.84,18.51,170.1,1522,1545,-0.79,2.65,-116.96,2.1167,3.2512,7.1962,0
46.950,-41,80,151,-0.81,18.88,171.1,1522,1542,-0.79,2.65,-116.96,2.1167,3.2512,7.1962,0
46.967,-39,77,148,-0.79,19.26,172.2,1522,1540,-0.79,2.65,-116.96,2.1167,3.2512,7.1962,0
46.984,-38,74,145,-0.79,19.66,173.2,1522,1538,-0.79,2.65,-116.96,2.1167,3.2512,7.1962,0
47.001,-36,71,142,-0.76,20.08,174.3,1522,1536,-0.79,2.65,-116.96,2.1167,3.2512,7.1962,0
47.018,-34,68,139,-0.73,20.51,175.3,1522,1533,0.22,0.06,-116.44,2.1167,3.2512,7.1962,0
47.036,-33,66,137,-0.72,20.81,176.0,1522,1535,0.22,0.06,-116.44,2.1167,3.2512,7.1962,0
47.053,-31,63,134,-0.69,21.28,177.1,1522,1531,0.22,0.06,-116.44,2.1167,3.2512,7.1962,0
47.070,-29,60,131,-0.66,21.76,178.1,1522,1528,0.22,0.06,-116.44,2.1167,3.2512,7.1962,0
47.088,-26,56,127,-0.61,22.45,179.5,1522,1522,0.22,0.06,-116.44,1.8451,3.4134,7.6750,0
47.105,-26,56,127,-0.61,22.45,179.5,1522,1533,0.22,0.06,-116.44,1.8451,3.4134,7.6750,0
47.122,-24,51,122,-0.59,23.37,181.3,1522,1522,0.22,0.06,-116.44,1.8451,3.4134,7.6750,0
47.139,-23,49,120,-0.57,23.76,182.0,1522,1522,0.22,0.06,-116.44,1.8451,3.4134,7.6750,0
47.156,-23,47,118,-0.58,24.16,182.7,1478,1522,0.22,0.06,-116.44,1.8451,3.4134,7.6750,0
47.173,-22,45,116,-0.57,24.58,183.4,1500,1522,0.22,0.06,-116.44,1.8451,3.4134,7.6750,0
47.190,-22,44,115,-0.57,24.79,183.8,1478,1524,0.22,0.06,-116.44,1.8451,3.4134,7.6750,0
47.207,-23,42,113,-0.61,25.23,184.4,1478,1522,0.22,0.06,-116.44,1.8451,3.4134,7.6750,1
47.224,-23,40,111,-0.62,25.68,185.1,1478,1522,0.22,0.06,-116.44,1.8451,3.4134,7.6750,1
47.241,-24,39,110,-0.65,25.92,185.5,1478,1522,0.22,0.06,-116.44,1.8451,3.4134,7.6750,1
47.258,-25,37,108,-0.69,26.40,186.2,1478,1522,0.22,0.06,-116.44,1.8451,3.4134,7.6750,1
47.275,-26,36,107,-0.73,26.64,186.5,1478,1522,0.30,-1.05,-116.01,1.8451,3.4134,7.6750,1
47.292,-28,35,106,-0.79,26.90,186.9,1478,1522,0.30,-1.05,-116.01,1.8451,3.4134,7.6750,1
47.309,-30,33,104,-0.87,27.41,187.6,1478,1522,0.30,-1.05,-116.01,1.8451,3.4134,7.6750,1
47.326,-32,32,103,-0.93,27.68,187.9,1478,1522,0.30,-1.05,-116.01,1.8451,3.4134,7.6750,1
47.343,-34,31,102,-1.00,27.95,188.3,1478,1522,0.30,-1.05,-116.01,1.8453,3.4487,6.9710,1
47.360,-35,30,101,-1.04,28.23,188.6,1478,1522,0.30,-1.05,-116.01,1.8453,3.4487,6.9710,1
47.377,-37,29,100,-1.11,28.51,189.0,1478,1522,0.30,-1.05,-116.01,1.8453,3.4487,6.9710,1
47.394,-39,28,99,-1.18,28.80,189.3,1478,1522,0.30,-1.05,-116.01,1.8453,3.4487,6.9710,1
47.411,-41,26,97,-1.27,29.39,190.0,1478,1522,0.30,-1.05,-116.01,1.8453,3.4487,6.9710,1
47.428,-43,25,96,-1.34,29.70,190.4,1478,1522,0.30,-1.05,-116.01,1.8453,3.4487,6.9710,1
47.445,-45,25,96,-1.41,29.70,190.4,1478,1522,0.30,-1.05,-116.01,1.8453,3.4487,6.9710,1
47.461,-47,24,95,-1.48,30.01,190.8,1478,1522,0.30,-1.05,-116.01,1.8453,3.4487,6.9710,1
47.478,-49,22,93,-1.58,30.65,191.4,1478,1522,0.30,-1.05,-116.01,1.8453,3.4487,6.9710,1
47.495,-52,22,93,-1.68,30.65,191.4,1476,1522,0.30,-1.05,-116.01,1.8453,3.4487,6.9710,1
47.512,-54,21,92,-1.76,30.99,191.8,1477,1522,-0.41,-0.88,-115.45,1.8453,3.4487,6.9710,1
47.529,-56,20,91,-1.85,31.33,192.1,1477,1522,-0.41,-0.88,-115.45,1.8453,3.4487,6.9710,1
47.546,-58,19,90,-1.93,31.68,192.5,1477,1522,-0.41,-0.88,-115.45,1.8453,3.4487,6.9710,1
47.563,-59,19,90,-1.97,31.68,192.5,1478,1522,-0.41,-0.88,-115.45,1.8453,3.4487,6.9710,1
47.580,-61,18,89,-2.06,32.03,192.8,1478,1522,-0.41,-0.88,-115.45,2.0877,2.7855,7.2348,1
47.597,-62,17,88,-2.11,32.40,193.2,1478,1522,-0.41,-0.88,-115.45,2.0877,2.7855,7.2348,1
47.614,-63,15,86,-2.20,33.15,193.9,1478,1522,-0.41,-0.88,-115.45,2.0877,2.7855,7.2348,1
47.631,-64,15,86,-2.23,33.15,193.9,1478,1522,-0.41,-0.88,-115.45,2.0877,2.7855,7.2348,1
47.649,-64,14,85,-2.26,33.54,194.2,1478,1522,-0.41,-0.88,-115.45,2.0877,2.7855,7.2348,1
47.666,-64,14,85,-2.26,33.54,194.2,1478,1522,-0.41,-0.88,-115.45,2.0877,2.7855,7.2348,1
47.683,-64,14,85,-2.26,33.54,194.2,1478,1522,-0.41,-0.88,-115.45,2.0877,2.7855,7.2348,1
47.700,-64,13,84,-2.29,33.94,194.6,1478,1522,-0.41,-0.88,-115.45,2.0877,2.7855,7.2348,1
47.717,-64,13,84,-2.29,33.94,194.6,1478,1522,-0.41,-0.88,-115.45,2.0877,2.7855,7.2348,1
47.734,-63,12,83,-2.28,34.35,194.9,1478,1522,-0.41,-0.88,-115.45,2.0877,2.7855,7.2348,1
47.752,-62,12,83,-2.24,34.35,194.9,1478,1522,-0.41,-0.88,-115.45,2.0877,2.7855,7.2348,1
47.769,-61,11,82,-2.23,34.77,195.3,1478,1522,-0.93,-0.73,-115.59,2.0877,2.7855,7.2348,1
47.786,-59,10,81,-2.19,35.20,195.6,1478,1522,-0.93,-0.73,-115.59,2.0877,2.7855,7.2348,1
47.803,-59,10,81,-2.19,35.20,195.6,1478,1522,-0.93,-0.73,-115.59,2.0877,2.7855,7.2348,1
47.820,-57,9,80,-2.14,35.64,196.0,1478,1500,-0.93,-0.73,-115.59,2.0877,2.7855,7.2348,1
47.838,-56,8,79,-2.13,36.09,196.3,1478,1500,-0.93,-0.73,-115.59,2.2108,3.0570,6.8176,1
47.855,-55,8,79,-2.09,36.09,196.3,1478,1522,-0.93,-0.73,-115.59,2.2108,3.0570,6.8176,1
47.872,-54,7,78,-2.08,36.55,196.7,1478,1500,-0.93,-0.73,-115.59,2.2108,3.0570,6.8176,1
47.889,-52,7,78,-2.00,36.55,196.7,1478,1522,-0.93,-0.73,-115.59,2.2108,3.0570,6.8176,1
47.905,-51,6,77,-1.99,37.02,197.0,1478,1500,-0.93,-0.73,-115.59,2.2108,3.0570,6.8176,1
47.922,-49,6,77,-1.91,37.02,197.0,1500,1522,-0.93,-0.73,-115.59,2.2108,3.0570,6.8176,1
47.939,-47,6,77,-1.83,37.02,197.0,1500,1522,-0.93,-0.73,-115.59,2.2108,3.0570,6.8176,1
47.956,-46,5,76,-1.82,37.51,197.4,1500,1500,-0.93,-0.73,-115.59,2.2108,3.0570,6.8176,1
47.973,-44,5,76,-1.74,37.51,197.4,1500,1522,-0.93,-0.73,-115.59,2.2108,3.0570,6.8176,1
47.990,-42,4,75,-1.68,38.01,197.8,1522,1500,-0.93,-0.73,-115.59,2.2108,3.0570,6.8176,1
48.007,-40,4,75,-1.60,38.01,197.8,1522,1500,-0.93,-0.73,-115.59,2.2108,3.0570,6.8176,1
48.024,-38,3,74,-1.54,38.53,198.1,1522,1478,-0.73,-0.89,-116.25,2.2108,3.0570,6.8176,1
48.041,-36,3,74,-1.46,38.53,198.1,1522,1500,-0.73,-0.89,-116.25,2.2108,3.0570,6.8176,1
48.058,-34,3,74,-1.38,38.53,198.1,1522,1500,-0.73,-0.89,-116.25,2.2108,3.0570,6.8176,1
48.075,-33,2,73,-1.36,39.05,198.4,1522,1478,-0.73,-0.89,-116.25,2.2108,3.0570,6.8176,1
48.092,-31,2,73,-1.27,39.05,198.4,1522,1500,-0.73,-0.89,-116.25,1.6180,2.6355,6.6305,1
48.109,-30,1,72,-1.25,39.60,198.8,1522,1478,-0.73,-0.89,-116.25,1.6180,2.6355,6.6305,1
48.126,-28,1,72,-1.17,39.60,198.8,1522,1500,-0.73,-0.89,-116.25,1.6180,2.6355,6.6305,1
48.143,-27,1,72,-1.12,39.60,198.8,1522,1500,-0.73,-0.89,-116.25,1.6180,2.6355,6.6305,1
48.160,-26,1,72,-1.08,39.60,198.8,1500,1500,-0.73,-0.89,-116.25,1.6180,2.6355,6.6305,1
48.177,-25,0,71,-1.06,40.15,199.1,1500,1478,-0.73,-0.89,-116.25,1.6180,2.6355,6.6305,1
48.194,-24,0,71,-1.01,40.15,199.1,1500,1500,-0.73,-0.89,-116.25,1.6180,2.6355,6.6305,1
48.211,-24,0,71,-1.01,40.15,199.1,1478,1500,-0.73,-0.89,-116.25,1.6180,2.6355,6.6305,1
48.228,-24,-1,70,-1.03,40.73,199.5,1478,1478,-0.73,-0.89,-116.25,1.6180,2.6355,6.6305,1
48.245,-24,-1,70,-1.03,40.73,199.5,1478,1478,-0.73,-0.89,-116.25,1.6180,2.6355,6.6305,1
48.262,-23,-1,70,-0.99,40.73,199.5,1500,1500,-0.73,-0.89,-116.25,1.6180,2.6355,6.6305,1
48.279,-22,-2,69,-0.96,41.32,199.8,1500,1478,-0.50,-0.98,-116.43,1.6180,2.6355,6.6305,1
48.296,-22,-2,69,-0.96,41.32,199.8,1478,1478,-0.50,-0.98,-116.43,1.6180,2.6355,6.6305,1
48.313,-22,-2,69,-0.96,41.32,199.8,1478,1478,-0.50,-0.98,-116.43,1.6180,2.6355,6.6305,1
48.330,-21,-3,68,-0.93,41.92,200.2,1500,1478,-0.50,-0.98,-116.43,1.6967,2.3404,6.5465,1
48.347,-21,-3,68,-0.93,41.92,200.2,1478,1478,-0.50,-0.98,-116.43,1.6967,2.3404,6.5465,1
48.364,-21,-3,68,-0.93,41.92,200.2,1478,1478,-0.50,-0.98,-116.43,1.6967,2.3404,6.5465,1
48.381,-20,-4,67,-0.90,42.55,200.5,1500,1478,-0.50,-0.98,-116.43,1.6967,2.3404,6.5465,1
48.398,-20,-4,67,-0.90,42.55,200.5,1478,1478,-0.50,-0.98,-116.43,1.6967,2.3404,6.5465,1
48.415,-20,-4,67,-0.90,42.55,200.5,1478,1478,-0.50,-0.98,-116.43,1.6967,2.3404,6.5465,1
48.433,-19,-5,66,-0.86,43.20,200.9,1500,1478,-0.50,-0.98,-116.43,1.6967,2.3404,6.5465,1
48.450,-19,-5,66,-0.86,43.20,200.9,1478,1478,-0.50,-0.98,-116.43,1.6967,2.3404,6.5465,1
48.468,-18,-5,66,-0.82,43.20,200.9,1500,1478,-0.50,-0.98,-116.43,1.6967,2.3404,6.5465,1
48.485,-17,-6,65,-0.78,43.86,201.2,1500,1478,-0.50,-0.98,-116.43,1.6967,2.3404,6.5465,1
48.502,-16,-7,64,-0.75,44.55,201.6,1522,1478,-0.50,-0.98,-116.43,1.6967,2.3404,6.5465,1
48.519,-15,-7,64,-0.70,44.55,201.6,1522,1478,-0.55,-1.05,-116.54,1.6967,2.3404,6.5465,1
48.536,-14,-8,63,-0.67,45.25,201.9,1522,1478,-0.55,-1.05,-116.54,1.6967,2.3404,6.5465,1
48.553,-13,-8,63,-0.62,45.25,201.9,1522,1478,-0.55,-1.05,-116.54,1.6967,2.3404,6.5465,1
48.570,-12,-8,63,-0.57,45.25,201.9,1522,1478,-0.55,-1.05,-116.54,1.6967,2.3404,6.5465,1
48.587,-12,-8,63,-0.57,45.25,201.9,1500,1478,-0.55,-1.05,-116.54,1.6833,1.9604,6.6170,1
48.604,-11,-9,62,-0.53,45.98,202.3,1522,1478,-0.55,-1.05,-116.54,1.6833,1.9604,6.6170,1
48.621,-10,-9,62,-0.48,45.98,202.3,1522,1478,-0.55,-1.05,-116.54,1.6833,1.9604,6.6170,1
48.638,-10,-9,62,-0.48,45.98,202.3,1500,1478,-0.55,-1.05,-116.54,1.6833,1.9604,6.6170,1
48.655,-9,-10,61,-0.44,46.74,202.6,1522,1478,-0.55,-1.05,-116.54,1.6833,1.9604,6.6170,1
48.672,-8,-10,61,-0.39,46.74,202.6,1522,1478,-0.55,-1.05,-116.54,1.6833,1.9604,6.6170,1
48.689,-8,-11,60,-0.40,47.52,203.0,1500,1478,-0.55,-1.05,-116.54,1.6833,1.9604,6.6170,1
48.706,-7,-11,60,-0.35,47.52,203.0,1522,1478,-0.55,-1.05,-116.54,1.6833,1.9604,6.6170,1
48.723,-7,-11,60,-0.35,47.52,203.0,1500,1478,-0.55,-1.05,-116.54,1.6833,1.9604,6.6170,1
48.740,-7,-11,60,-0.35,47.52,203.0,1500,1478,-0.55,-1.05,-116.54,1.6833,1.9604,6.6170,1
48.757,-7,-12,59,-0.36,48.32,203.3,1500,1478,-0.55,-1.05,-116.54,1.6833,1.9604,6.6170,1
48.774,-7,-12,59,-0.36,48.32,203.3,1500,1478,-0.64,-1.20,-116.78,1.6833,1.9604,6.6170,1
48.791,-7,-12,59,-0.36,48.32,203.3,1500,1478,-0.64,-1.20,-116.78,1.6833,1.9604,6.6170,1
48.807,-8,-12,59,-0.41,48.32,203.3,1478,1478,-0.64,-1.20,-116.78,1.6833,1.9604,6.6170,1
48.824,-8,-13,58,-0.41,49.15,203.7,1478,1478,-0.64,-1.20,-116.78,1.5419,2.3642,6.3765,1
48.841,-9,-13,58,-0.47,49.15,203.7,1478,1478,-0.64,-1.20,-116.78,1.5419,2.3642,6.3765,1
48.858,-10,-14,57,-0.53,50.02,204.0,1478,1478,-0.64,-1.20,-116.78,1.5419,2.3642,6.3765,1
48.875,-11,-14,57,-0.58,50.02,204.0,1478,1478,-0.64,-1.20,-116.78,1.5419,2.3642,6.3765,1
48.892,-10,-14,57,-0.53,50.02,204.0,1478,1478,-0.64,-1.20,-116.78,1.5419,2.3642,6.3765,1
48.909,-10,-15,56,-0.54,50.91,204.4,1478,1478,-0.64,-1.20,-116.78,1.5419,2.3642,6.3765,1
48.926,-10,-15,56,-0.54,50.91,204.4,1478,1478,-0.64,-1.20,-116.78,1.5419,2.3642,6.3765,1
48.943,-10,-15,56,-0.54,50.91,204.4,1478,1478,-0.64,-1.20,-116.78,1.5419,2.3642,6.3765,1
48.960,-9,-15,56,-0.48,50.91,204.4,1500,1478,-0.64,-1.20,-116.78,1.5419,2.3642,6.3765,1
48.977,-10,-16,55,-0.55,51.83,204.8,1478,1478,-0.64,-1.20,-116.78,1.5419,2.3642,6.3765,1
48.994,-10,-16,55,-0.55,51.83,204.8,1478,1478,-0.64,-1.20,-116.78,1.5419,2.3642,6.3765,1
49.011,-10,-16,55,-0.55,51.83,204.8,1478,1478,-0.64,-1.20,-116.78,1.5419,2.3642,6.3765,1
49.028,-11,-16,55,-0.60,51.83,204.8,1478,1478,-0.77,-1.79,-116.33,1.5419,2.3642,6.3765,1
49.045,-12,-17,54,-0.67,52.79,205.1,1478,1478,-0.77,-1.79,-116.33,1.5419,2.3642,6.3765,1
49.062,-13,-17,54,-0.72,52.79,205.1,1478,1478,-0.77,-1.79,-116.33,1.5419,2.3642,6.3765,1
49.079,-14,-17,54,-0.78,52.79,205.1,1478,1478,-0.77,-1.79,-116.33,1.4983,2.4982,7.1312,1
49.096,-15,-17,54,-0.83,52.79,205.1,1478,1478,-0.77,-1.79,-116.33,1.4983,2.4982,7.1312,1
49.113,-16,-17,54,-0.89,52.79,205.1,1478,1478,-0.77,-1.79,-116.33,1.4983,2.4982,7.1312,1
49.130,-17,-18,53,-0.96,53.79,205.4,1478,1478,-0.77,-1.79,-116.33,1.4983,2.4982,7.1312,1
49.147,-17,-18,53,-0.96,53.79,205.4,1478,1478,-0.77,-1.79,-116.33,1.4983,2.4982,7.1312,1
49.164,-18,-19,52,-1.04,54.83,205.8,1478,1478,-0.77,-1.79,-116.33,1.4983,2.4982,7.1312,1
49.182,-19,-19,52,-1.10,54.83,205.8,1478,1478,-0.77,-1.79,-116.33,1.4983,2.4982,7.1312,1
49.199,-19,-19,52,-1.10,54.83,205.8,1478,1478,-0.77,-1.79,-116.33,1.4983,2.4982,7.1312,1
49.216,-19,-19,52,-1.10,54.83,205.8,1478,1478,-0.77,-1.79,-116.33,1.4983,2.4982,7.1312,1
49.233,-20,-19,52,-1.15,54.83,205.8,1478,1478,-0.77,-1.79,-116.33,1.4983,2.4982,7.1312,1
49.251,-20,-20,51,-1.18,55.90,206.1,1478,1478,-0.77,-1.79,-116.33,1.4983,2.4982,7.1312,0
49.268,-21,-20,51,-1.24,55.90,206.1,1478,1478,-0.28,-2.30,-115.71,1.4983,2.4982,7.1312,0
49.285,-22,-20,51,-1.29,55.90,206.1,1478,1478,-0.28,-2.30,-115.71,1.4983,2.4982,7.1312,0
49.302,-23,-21,50,-1.38,57.02,206.5,1478,1478,-0.28,-2.30,-115.71,1.4983,2.4982,7.1312,0
49.319,-24,-21,50,-1.44,57.02,206.5,1478,1478,-0.28,-2.30,-115.71,1.4983,2.4982,7.1312,0
49.336,-25,-21,50,-1.50,57.02,206.5,1478,1478,-0.28,-2.30,-115.71,1.6537,3.2205,6.7558,0
49.353,-26,-21,50,-1.56,57.02,206.5,1478,1478,-0.28,-2.30,-115.71,1.6537,3.2205,6.7558,0
49.370,-27,-22,49,-1.65,58.18,206.8,1478,1478,-0.28,-2.30,-115.71,1.6537,3.2205,6.7558,0
49.387,-29,-22,49,-1.78,58.18,206.8,1478,1478,-0.28,-2.30,-115.71,1.6537,3.2205,6.7558,0
49.404,-30,-22,49,-1.84,58.18,206.8,1478,1478,-0.28,-2.30,-115.71,1.6537,3.2205,6.7558,0
49.421,-31,-22,49,-1.90,58.18,206.8,1478,1478,-0.28,-2.30,-115.71,1.6537,3.2205,6.7558,0
49.438,-33,-23,48,-2.06,59.39,207.2,1478,1478,-0.28,-2.30,-115.71,1.6537,3.2205,6.7558,0
49.455,-35,-23,48,-2.19,59.39,207.2,1478,1478,-0.28,-2.30,-115.71,1.6537,3.2205,6.7558,0
49.472,-37,-23,48,-2.31,59.39,207.2,1478,1478,-0.28,-2.30,-115.71,1.6537,3.2205,6.7558,0
49.489,-39,-23,48,-2.44,59.39,207.2,1477,1478,-0.28,-2.30,-115.71,1.6537,3.2205,6.7558,0
49.506,-40,-23,48,-2.50,59.39,207.2,1478,1478,-0.28,-2.30,-115.71,1.6537,3.2205,6.7558,0
49.523,-42,-23,48,-2.62,59.39,207.2,1478,1478,-0.23,-2.61,-115.28,1.6537,3.2205,6.7558,0
49.540,-44,-23,48,-2.75,59.39,207.2,1476,1478,-0.23,-2.61,-115.28,1.6537,3.2205,6.7558,0
49.557,-46,-23,48,-2.88,59.39,207.2,1475,1478,-0.23,-2.61,-115.28,1.6537,3.2205,6.7558,0
49.574,-49,-23,48,-3.06,59.39,207.2,1471,1478,-0.23,-2.61,-115.28,2.4408,2.6664,6.4132,0
49.591,-51,-24,47,-3.26,60.66,207.5,1472,1478,-0.23,-2.61,-115.28,2.4408,2.6664,6.4132,0
49.608,-54,-24,47,-3.45,60.66,207.5,1468,1478,-0.23,-2.61,-115.28,2.4408,2.6664,6.4132,0
49.625,-56,-24,47,-3.57,60.66,207.5,1470,1478,-0.23,-2.61,-115.28,2.4408,2.6664,6.4132,0
49.642,-59,-24,47,-3.77,60.66,207.5,1467,1478,-0.23,-2.61,-115.28,2.4408,2.6664,6.4132,0
49.659,-61,-24,47,-3.89,60.66,207.5,1469,1478,-0.23,-2.61,-115.28,2.4408,2.6664,6.4132,0
49.676,-64,-25,46,-4.17,61.98,207.9,1466,1477,-0.23,-2.61,-115.28,2.4408,2.6664,6.4132,0
49.693,-67,-24,47,-4.28,60.66,207.5,1464,1478,-0.23,-2.61,-115.28,2.4408,2.6664,6.4132,0
49.710,-70,-24,47,-4.47,60.66,207.5,1462,1478,-0.23,-2.61,-115.28,2.4408,2.6664,6.4132,0
49.727,-73,-25,46,-4.76,61.98,207.9,1461,1477,-0.23,-2.61,-115.28,2.4408,2.6664,6.4132,0
49.744,-76,-25,46,-4.96,61.98,207.9,1460,1478,-0.23,-2.61,-115.28,2.4408,2.6664,6.4132,0
49.761,-79,-25,46,-5.15,61.98,207.9,1460,1478,-1.10,-3.05,-114.64,2.4408,2.6664,6.4132,0
49.778,-82,-25,46,-5.35,61.98,207.9,1459,1478,-1.10,-3.05,-114.64,2.4408,2.6664,6.4132,0
49.795,-85,-25,46,-5.54,61.98,207.9,1458,1478,-1.10,-3.05,-114.64,2.4408,2.6664,6.4132,0
49.812,-87,-25,46,-5.67,61.98,207.9,1461,1478,-1.10,-3.05,-114.64,2.4408,2.6664,6.4132,0
49.829,-89,-25,46,-5.80,61.98,207.9,1462,1478,-1.10,-3.05,-114.64,3.4389,2.0266,6.8110,0
49.846,-91,-25,46,-5.93,61.98,207.9,1463,1478,-1.10,-3.05,-114.64,3.4389,2.0266,6.8110,0
49.863,-92,-25,46,-6.00,61.98,207.9,1466,1478,-1.10,-3.05,-114.64,3.4389,2.0266,6.8110,0
49.883,-94,-25,46,-6.13,61.98,207.9,1464,1478,-1.10,-3.05,-114.64,3.4389,2.0266,6.8110,0
49.901,-95,-25,46,-6.20,61.98,207.9,1467,1478,-1.10,-3.05,-114.64,3.4389,2.0266,6.8110,0
49.918,-98,-25,46,-6.39,61.98,207.9,1461,1478,-1.10,-3.05,-114.64,3.4389,2.0266,6.8110,0
49.935,-99,-25,46,-6.46,61.98,207.9,1465,1478,-1.10,-3.05,-114.64,3.4389,2.0266,6.8110,0
49.952,-100,-25,46,-6.52,61.98,207.9,1466,1478,-1.10,-3.05,-114.64,3.4389,2.0266,6.8110,0
49.969,-102,-25,46,-6.65,61.98,207.9,1463,1478,-1.10,-3.05,-114.64,3.4389,2.0266,6.8110,0
49.986,-103,-25,46,-6.72,61.98,207.9,1465,1478,-1.10,-3.05,-114.64,3.4389,2.0266,6.8110,0
50.003,-104,-25,46,-6.78,61.98,207.9,1466,1478,-1.10,-3.05,-114.64,3.4389,2.0266,6.8110,0
50.020,-105,-25,46,-6.85,61.98,207.9,1467,1478,-2.02,-2.93,-114.83,3.4389,2.0266,6.8110,0
50.037,-106,-25,46,-6.91,61.98,207.9,1467,1478,-2.02,-2.93,-114.83,3.4389,2.0266,6.8110,0
50.054,-107,-25,46,-6.98,61.98,207.9,1466,1478,-2.02,-2.93,-114.83,3.4389,2.0266,6.8110,0
50.071,-109,-25,46,-7.11,61.98,207.9,1462,1478,-2.02,-2.93,-114.83,3.4389,2.0266,6.8110,0
50.088,-110,-25,46,-7.17,61.98,207.9,1464,1478,-2.02,-2.93,-114.83,3.1363,1.9208,6.6009,0
50.104,-111,-25,46,-7.24,61.98,207.9,1465,1478,-2.02,-2.93,-114.83,3.1363,1.9208,6.6009,0
50.121,-112,-25,46,-7.30,61.98,207.9,1465,1478,-2.02,-2.93,-114.83,3.1363,1.9208,6.6009,0
50.138,-114,-25,46,-7.43,61.98,207.9,1461,1478,-2.02,-2.93,-114.83,3.1363,1.9208,6.6009,0
50.155,-114,-25,46,-7.43,61.98,207.9,1466,1478,-2.02,-2.93,-114.83,3.1363,1.9208,6.6009,0
50.172,-115,-25,46,-7.50,61.98,207.9,1465,1478,-2.02,-2.93,-114.83,3.1363,1.9208,6.6009,0
50.189,-116,-25,46,-7.57,61.98,207.9,1465,1478,-2.02,-2.93,-114.83,3.1363,1.9208,6.6009,0
50.206,-117,-25,46,-7.63,61.98,207.9,1464,1478,-2.02,-2.93,-114.83,3.1363,1.9208,6.6009,0
50.223,-117,-25,46,-7.63,61.98,207.9,1468,1478,-2.02,-2.93,-114.83,3.1363,1.9208,6.6009,0
50.240,-118,-25,46,-7.70,61.98,207.9,1466,1478,-2.02,-2.93,-114.83,3.1363,1.9208,6.6009,0
50.257,-118,-25,46,-7.70,61.98,207.9,1468,1478,-2.02,-2.93,-114.83,3.1363,1.9208,6.6009,0
50.274,-118,-25,46,-7.70,61.98,207.9,1470,1478,-1.83,-2.34,-114.72,3.1363,1.9208,6.6009,0
50.291,-119,-25,46,-7.76,61.98,207.9,1466,1478,-1.83,-2.34,-114.72,3.1363,1.9208,6.6009,0
50.308,-119,-25,46,-7.76,61.98,207.9,1469,1478,-1.83,-2.34,-114.72,3.1363,1.9208,6.6009,0
50.325,-119,-25,46,-7.76,61.98,207.9,1470,1478,-1.83,-2.34,-114.72,3.4038,1.8442,6.9549,0
50.342,-119,-25,46,-7.76,61.98,207.9,1470,1478,-1.83,-2.34,-114.72,3.4038,1.8442,6.9549,0
50.359,-119,-25,46,-7.76,61.98,207.9,1470,1478,-1.83,-2.34,-114.72,3.4038,1.8442,6.9549,0
50.376,-119,-25,46,-7.76,61.98,207.9,1471,1478,-1.83,-2.34,-114.72,3.4038,1.8442,6.9549,0
50.393,-119,-24,47,-7.60,60.66,207.5,1471,1478,-1.83,-2.34,-114.72,3.4038,1.8442,6.9549,0
50.410,-119,-25,46,-7.76,61.98,207.9,1471,1478,-1.83,-2.34,-114.72,3.4038,1.8442,6.9549,0
50.427,-119,-25,46,-7.76,61.98,207.9,1471,1478,-1.83,-2.34,-114.72,3.4038,1.8442,6.9549,0
50.444,-120,-24,47,-7.66,60.66,207.5,1467,1478,-1.83,-2.34,-114.72,3.4038,1.8442,6.9549,0
50.461,-120,-24,47,-7.66,60.66,207.5,1469,1478,-1.83,-2.34,-114.72,3.4038,1.8442,6.9549,0
50.478,-120,-24,47,-7.66,60.66,207.5,1470,1478,-1.83,-2.34,-114.72,3.4038,1.8442,6.9549,0
50.495,-121,-24,47,-7.72,60.66,207.5,1466,1478,-1.83,-2.34,-114.72,3.4038,1.8442,6.9549,0
50.512,-121,-24,47,-7.72,60.66,207.5,1468,1478,-1.47,-1.40,-114.46,3.4038,1.8442,6.9549,0
50.529,-121,-24,47,-7.72,60.66,207.5,1469,1478,-1.47,-1.40,-114.46,3.4038,1.8442,6.9549,0
50.546,-122,-24,47,-7.79,60.66,207.5,1466,1478,-1.47,-1.40,-114.46,3.4038,1.8442,6.9549,0
50.563,-122,-24,47,-7.79,60.66,207.5,1468,1478,-1.47,-1.40,-114.46,3.4038,1.8442,6.9549,0
50.581,-122,-24,47,-7.79,60.66,207.5,1469,1478,-1.47,-1.40,-114.46,3.3018,2.2151,6.5139,0
50.598,-122,-24,47,-7.79,60.66,207.5,1469,1478,-1.47,-1.40,-114.46,3.3018,2.2151,6.5139,0
50.616,-121,-24,47,-7.72,60.66,207.5,1473,1478,-1.47,-1.40,-114.46,3.3018,2.2151,6.5139,0
50.633,-121,-24,47,-7.72,60.66,207.5,1472,1478,-1.47,-1.40,-114.46,3.3018,2.2151,6.5139,0
50.650,-119,-25,46,-7.76,61.98,207.9,1478,1477,-1.47,-1.40,-114.46,3.3018,2.2151,6.5139,0
50.667,-118,-25,46,-7.70,61.98,207.9,1478,1478,-1.47,-1.40,-114.46,3.3018,2.2151,6.5139,0
50.684,-117,-25,46,-7.63,61.98,207.9,1478,1478,-1.47,-1.40,-114.46,3.3018,2.2151,6.5139,0
50.701,-117,-25,46,-7.63,61.98,207.9,1475,1478,-1.47,-1.40,-114.46,3.3018,2.2151,6.5139,0
50.718,-115,-25,46,-7.50,61.98,207.9,1478,1478,-1.47,-1.40,-114.46,3.3018,2.2151,6.5139,0
50.735,-113,-25,46,-7.37,61.98,207.9,1478,1478,-1.47,-1.40,-114.46,3.3018,2.2151,6.5139,0
50.753,-111,-25,46,-7.24,61.98,207.9,1478,1478,-1.47,-1.40,-114.46,3.3018,2.2151,6.5139,0
50.770,-109,-25,46,-7.11,61.98,207.9,1478,1478,-1.55,-1.26,-114.63,3.3018,2.2151,6.5139,0
50.787,-106,-25,46,-6.91,61.98,207.9,1478,1478,-1.55,-1.26,-114.63,3.3018,2.2151,6.5139,0
50.804,-103,-25,46,-6.72,61.98,207.9,1478,1478,-1.55,-1.26,-114.63,3.3018,2.2151,6.5139,0
50.820,-100,-25,46,-6.52,61.98,207.9,1478,1478,-1.55,-1.26,-114.63,3.3018,2.2151,6.5139,0
50.837,-98,-24,47,-6.26,60.66,207.5,1478,1478,-1.55,-1.26,-114.63,3.2720,1.8175,6.6657,0
50.854,-94,-24,47,-6.00,60.66,207.5,1500,1478,-1.55,-1.26,-114.63,3.2720,1.8175,6.6657,0
50.871,-92,-24,47,-5.87,60.66,207.5,1478,1478,-1.55,-1.26,-114.63,3.2720,1.8175,6.6657,0
50.888,-89,-24,47,-5.68,60.66,207.5,1478,1478,-1.55,-1.26,-114.63,3.2720,1.8175,6.6657,0
50.905,-86,-24,47,-5.49,60.66,207.5,1478,1478,-1.55,-1.26,-114.63,3.2720,1.8175,6.6657,0
50.922,-83,-24,47,-5.30,60.66,207.5,1500,1478,-1.55,-1.26,-114.63,3.2720,1.8175,6.6657,0
50.939,-80,-24,47,-5.11,60.66,207.5,1500,1478,-1.55,-1.26,-114.63,3.2720,1.8175,6.6657,0
50.956,-77,-24,47,-4.91,60.66,207.5,1522,1478,-1.55,-1.26,-114.63,3.2720,1.8175,6.6657,0
50.973,-74,-24,47,-4.72,60.66,207.5,1522,1478,-1.55,-1.26,-114.63,3.2720,1.8175,6.6657,0
50.990,-71,-24,47,-4.53,60.66,207.5,1522,1478,-1.55,-1.26,-114.63,3.2720,1.8175,6.6657,0
51.007,-68,-24,47,-4.34,60.66,207.5,1522,1478,-1.55,-1.26,-114.63,3.2720,1.8175,6.6657,0
51.024,-66,-24,47,-4.21,60.66,207.5,1522,1478,-0.76,-1.22,-115.53,3.2720,1.8175,6.6657,0
51.041,-64,-24,47,-4.09,60.66,207.5,1500,1478,-0.76,-1.22,-115.53,3.2720,1.8175,6.6657,0
51.058,-61,-24,47,-3.89,60.66,207.5,1522,1478,-0.76,-1.22,-115.53,3.2720,1.8175,6.6657,0
51.075,-60,-24,47,-3.83,60.66,207.5,1478,1478,-0.76,-1.22,-115.53,3.5900,2.4215,6.7686,0
51.092,-58,-24,47,-3.70,60.66,207.5,1478,1478,-0.76,-1.22,-115.53,3.5900,2.4215,6.7686,0
51.109,-56,-24,47,-3.57,60.66,207.5,1500,1478,-0.76,-1.22,-115.53,3.5900,2.4215,6.7686,0
51.126,-55,-24,47,-3.51,60.66,207.5,1478,1478,-0.76,-1.22,-115.53,3.5900,2.4215,6.7686,0
51.143,-54,-24,47,-3.45,60.66,207.5,1478,1478,-0.76,-1.22,-115.53,3.5900,2.4215,6.7686,0
51.160,-53,-24,47,-3.38,60.66,207.5,1478,1478,-0.76,-1.22,-115.53,3.5900,2.4215,6.7686,0
51.177,-52,-24,47,-3.32,60.66,207.5,1478,1478,-0.76,-1.22,-115.53,3.5900,2.4215,6.7686,0
51.194,-52,-24,47,-3.32,60.66,207.5,1478,1478,-0.76,-1.22,-115.53,3.5900,2.4215,6.7686,0
51.211,-51,-24,47,-3.26,60.66,207.5,1478,1478,-0.76,-1.22,-115.53,3.5900,2.4215,6.7686,0
51.228,-51,-24,47,-3.26,60.66,207.5,1478,1478,-0.76,-1.22,-115.53,3.5900,2.4215,6.7686,0
51.246,-51,-24,47,-3.26,60.66,207.5,1478,1478,-0.76,-1.22,-115.53,3.5900,2.4215,6.7686,0
51.263,-50,-24,47,-3.19,60.66,207.5,1478,1478,-0.76,-1.22,-115.53,3.5900,2.4215,6.7686,0
51.280,-50,-24,47,-3.19,60.66,207.5,1478,1478,0.10,-1.44,-114.72,3.5900,2.4215,6.7686,0
51.298,-49,-24,47,-3.13,60.66,207.5,1478,1478,0.10,-1.44,-114.72,3.5900,2.4215,6.7686,0
51.316,-48,-24,47,-3.06,60.66,207.5,1478,1478,0.10,-1.44,-114.72,3.5900,2.4215,6.7686,0
51.333,-47,-25,46,-3.07,61.98,207.9,1478,1477,0.10,-1.44,-114.72,3.8625,2.5396,7.5808,0
51.350,-46,-25,46,-3.00,61.98,207.9,1478,1478,0.10,-1.44,-114.72,3.8625,2.5396,7.5808,0
51.367,-45,-25,46,-2.93,61.98,207.9,1478,1478,0.10,-1.44,-114.72,3.8625,2.5396,7.5808,0
51.384,-44,-25,46,-2.87,61.98,207.9,1478,1478,0.10,-1.44,-114.72,3.8625,2.5396,7.5808,0
51.401,-42,-25,46,-2.74,61.98,207.9,1500,1478,0.10,-1.44,-114.72,3.8625,2.5396,7.5808,0
51.418,-41,-25,46,-2.67,61.98,207.9,1478,1478,0.10,-1.44,-114.72,3.8625,2.5396,7.5808,0
51.435,-39,-25,46,-2.54,61.98,207.9,1522,1478,0.10,-1.44,-114.72,3.8625,2.5396,7.5808,0
51.452,-37,-25,46,-2.41,61.98,207.9,1522,1478,0.10,-1.44,-114.72,3.8625,2.5396,7.5808,0
51.469,-35,-25,46,-2.28,61.98,207.9,1522,1478,0.10,-1.44,-114.72,3.8625,2.5396,7.5808,0
51.486,-33,-25,46,-2.15,61.98,207.9,1522,1478,0.10,-1.44,-114.72,3.8625,2.5396,7.5808,0
51.503,-31,-25,46,-2.02,61.98,207.9,1522,1478,0.10,-1.44,-114.72,3.8625,2.5396,7.5808,0
51.520,-29,-25,46,-1.89,61.98,207.9,1522,1478,0.31,-2.01,-114.77,3.8625,2.5396,7.5808,0
51.537,-27,-25,46,-1.76,61.98,207.9,1522,1478,0.31,-2.01,-114.77,3.8625,2.5396,7.5808,0
51.553,-26,-25,46,-1.70,61.98,207.9,1522,1478,0.31,-2.01,-114.77,3.8625,2.5396,7.5808,0
51.570,-25,-25,46,-1.63,61.98,207.9,1522,1478,0.31,-2.01,-114.77,3.8625,2.5396,7.5808,0
51.587,-23,-25,46,-1.50,61.98,207.9,1522,1478,0.31,-2.01,-114.77,3.4480,1.7518,8.5954,0
51.604,-22,-25,46,-1.43,61.98,207.9,1522,1478,0.31,-2.01,-114.77,3.4480,1.7518,8.5954,0
51.621,-21,-25,46,-1.37,61.98,207.9,1522,1478,0.31,-2.01,-114.77,3.4480,1.7518,8.5954,0
51.638,-20,-25,46,-1.30,61.98,207.9,1522,1478,0.31,-2.01,-114.77,3.4480,1.7518,8.5954,0
51.655,-19,-26,45,-1.27,63.35,208.2,1522,1476,0.31,-2.01,-114.77,3.4480,1.7518,8.5954,0
51.672,-18,-26,45,-1.20,63.35,208.2,1522,1478,0.31,-2.01,-114.77,3.4480,1.7518,8.5954,0
51.689,-17,-26,45,-1.13,63.35,208.2,1522,1478,0.31,-2.01,-114.77,3.4480,1.7518,8.5954,0
51.706,-16,-26,45,-1.07,63.35,208.2,1522,1478,0.31,-2.01,-114.77,3.4480,1.7518,8.5954,0
51.723,-16,-26,45,-1.07,63.35,208.2,1500,1478,0.31,-2.01,-114.77,3.4480,1.7518,8.5954,0
51.740,-15,-26,45,-1.00,63.35,208.2,1522,1478,0.31,-2.01,-114.77,3.4480,1.7518,8.5954,0
51.757,-14,-26,45,-0.93,63.35,208.2,1522,1478,0.31,-2.01,-114.77,3.4480,1.7518,8.5954,0
51.774,-13,-26,45,-0.87,63.35,208.2,1522,1478,0.48,-2.39,-115.04,3.4480,1.7518,8.5954,0
51.791,-12,-26,45,-0.80,63.35,208.2,1522,1478,0.48,-2.39,-115.04,3.4480,1.7518,8.5954,0
51.808,-11,-26,45,-0.73,63.35,208.2,1522,1478,0.48,-2.39,-115.04,3.4480,1.7518,8.5954,0
51.825,-9,-26,45,-0.60,63.35,208.2,1522,1478,0.48,-2.39,-115.04,3.4319,1.9452,7.9250,0
51.842,-8,-27,44,-0.55,64.79,208.6,1522,1475,0.48,-2.39,-115.04,3.4319,1.9452,7.9250,0
51.859,-7,-27,44,-0.48,64.79,208.6,1522,1477,0.48,-2.39,-115.04,3.4319,1.9452,7.9250,0
51.876,-6,-27,44,-0.41,64.79,208.6,1522,1478,0.48,-2.39,-115.04,3.4319,1.9452,7.9250,0
51.893,-6,-26,45,-0.40,63.35,208.2,1522,1478,0.48,-2.39,-115.04,3.4319,1.9452,7.9250,0
51.911,-5,-26,45,-0.33,63.35,208.2,1522,1478,0.48,-2.39,-115.04,3.4319,1.9452,7.9250,0
51.928,-4,-27,44,-0.27,64.79,208.6,1522,1476,0.48,-2.39,-115.04,3.4319,1.9452,7.9250,0
51.945,-4,-26,45,-0.27,63.35,208.2,1522,1478,0.48,-2.39,-115.04,3.4319,1.9452,7.9250,0
51.962,-3,-26,45,-0.20,63.35,208.2,1522,1478,0.48,-2.39,-115.04,3.4319,1.9452,7.9250,0
51.980,-2,-26,45,-0.13,63.35,208.2,1522,1478,0.48,-2.39,-115.04,3.4319,1.9452,7.9250,0
51.997,-1,-26,45,-0.07,63.35,208.2,1522,1478,0.48,-2.39,-115.04,3.4319,1.9452,7.9250,0
52.014,-1,-26,45,-0.07,63.35,208.2,1522,1478,0.69,-2.21,-115.71,3.4319,1.9452,7.9250,0
52.031,0,-26,45,0.00,63.35,208.2,1522,1478,0.69,-2.21,-115.71,3.4319,1.9452,7.9250,0
52.048,0,-26,45,0.00,63.35,208.2,1522,1478,0.69,-2.21,-115.71,3.4319,1.9452,7.9250,0
52.065,1,-26,45,0.07,63.35,208.2,1522,1478,0.69,-2.21,-115.71,3.4319,1.9452,7.9250,0
52.082,1,-26,45,0.07,63.35,208.2,1522,1478,0.69,-2.21,-115.71,3.3990,2.8356,6.7927,0
52.099,1,-26,45,0.07,63.35,208.2,1522,1478,0.69,-2.21,-115.71,3.3990,2.8356,6.7927,0
52.116,1,-25,46,0.07,61.98,207.9,1500,1478,0.69,-2.21,-115.71,3.3990,2.8356,6.7927,0
52.133,1,-25,46,0.07,61.98,207.9,1500,1478,0.69,-2.21,-115.71,3.3990,2.8356,6.7927,0
52.150,1,-25,46,0.07,61.98,207.9,1500,1478,0.69,-2.21,-115.71,3.3990,2.8356,6.7927,0
52.167,0,-25,46,0.00,61.98,207.9,1478,1478,0.69,-2.21,-115.71,3.3990,2.8356,6.7927,0
52.184,-1,-25,46,-0.07,61.98,207.9,1478,1478,0.69,-2.21,-115.71,3.3990,2.8356,6.7927,0
52.201,-2,-25,46,-0.13,61.98,207.9,1478,1478,0.69,-2.21,-115.71,3.3990,2.8356,6.7927,0
52.218,-3,-25,46,-0.20,61.98,207.9,1478,1478,0.69,-2.21,-115.71,3.3990,2.8356,6.7927,0
52.235,-5,-25,46,-0.33,61.98,207.9,1478,1478,0.69,-2.21,-115.71,3.3990,2.8356,6.7927,0
52.252,-6,-25,46,-0.39,61.98,207.9,1478,1478,0.69,-2.21,-115.71,3.3990,2.8356,6.7927,0
52.269,-7,-25,46,-0.46,61.98,207.9,1478,1478,0.53,-2.37,-115.86,3.3990,2.8356,6.7927,0
52.286,-9,-25,46,-0.59,61.98,207.9,1478,1478,0.53,-2.37,-115.86,3.3990,2.8356,6.7927,0
52.303,-11,-24,47,-0.70,60.66,207.5,1478,1478,0.53,-2.37,-115.86,3.3990,2.8356,6.7927,0
52.320,-12,-24,47,-0.77,60.66,207.5,1478,1478,0.53,-2.37,-115.86,3.3810,2.8964,6.6948,0
52.337,-14,-24,47,-0.89,60.66,207.5,1478,1478,0.53,-2.37,-115.86,3.3810,2.8964,6.6948,0
52.354,-15,-25,46,-0.98,61.98,207.9,1478,1477,0.53,-2.37,-115.86,3.3810,2.8964,6.6948,0
52.371,-17,-24,47,-1.09,60.66,207.5,1478,1478,0.53,-2.37,-115.86,3.3810,2.8964,6.6948,0
52.388,-19,-24,47,-1.21,60.66,207.5,1478,1478,0.53,-2.37,-115.86,3.3810,2.8964,6.6948,0
52.405,-20,-24,47,-1.28,60.66,207.5,1478,1478,0.53,-2.37,-115.86,3.3810,2.8964,6.6948,0
52.422,-22,-24,47,-1.40,60.66,207.5,1478,1478,0.53,-2.37,-115.86,3.3810,2.8964,6.6948,0
52.439,-24,-24,47,-1.53,60.66,207.5,1478,1478,0.53,-2.37,-115.86,3.3810,2.8964,6.6948,0
52.456,-25,-24,47,-1.60,60.66,207.5,1478,1478,0.53,-2.37,-115.86,3.3810,2.8964,6.6948,0
52.473,-27,-24,47,-1.72,60.66,207.5,1478,1478,0.53,-2.37,-115.86,3.3810,2.8964,6.6948,0
52.490,-29,-23,48,-1.81,59.39,207.2,1478,1478,0.53,-2.37,-115.86,3.3810,2.8964,6.6948,0
52.507,-30,-23,48,-1.88,59.39,207.2,1478,1478,0.53,-2.37,-115.86,3.3810,2.8964,6.6948,0
52.524,-31,-23,48,-1.94,59.39,207.2,1478,1478,0.27,-1.78,-115.73,3.3810,2.8964,6.6948,0
52.541,-33,-23,48,-2.06,59.39,207.2,1478,1478,0.27,-1.78,-115.73,3.3810,2.8964,6.6948,0
52.558,-34,-23,48,-2.12,59.39,207.2,1478,1478,0.27,-1.78,-115.73,3.3810,2.8964,6.6948,0
52.575,-35,-23,48,-2.19,59.39,207.2,1478,1478,0.27,-1.78,-115.73,3.2893,2.7103,6.5372,0
52.592,-36,-23,48,-2.25,59.39,207.2,1478,1478,0.27,-1.78,-115.73,3.2893,2.7103,6.5372,0
52.609,-37,-23,48,-2.31,59.39,207.2,1478,1478,0.27,-1.78,-115.73,3.2893,2.7103,6.5372,0
52.626,-39,-22,49,-2.39,58.18,206.8,1478,1478,0.27,-1.78,-115.73,3.2893,2.7103,6.5372,0
52.643,-40,-22,49,-2.45,58.18,206.8,1478,1478,0.27,-1.78,-115.73,3.2893,2.7103,6.5372,0
52.660,-41,-22,49,-2.51,58.18,206.8,1478,1478,0.27,-1.78,-115.73,3.2893,2.7103,6.5372,0
52.677,-43,-22,49,-2.63,58.18,206.8,1478,1478,0.27,-1.78,-115.73,3.2893,2.7103,6.5372,0
52.695,-44,-22,49,-2.69,58.18,206.8,1478,1478,0.27,-1.78,-115.73,3.2893,2.7103,6.5372,0
52.712,-46,-22,49,-2.82,58.18,206.8,1477,1478,0.27,-1.78,-115.73,3.2893,2.7103,6.5372,0
52.729,-48,-22,49,-2.94,58.18,206.8,1476,1478,0.27,-1.78,-115.73,3.2893,2.7103,6.5372,0
52.746,-49,-21,50,-2.94,57.02,206.5,1478,1478,0.27,-1.78,-115.73,3.2893,2.7103,6.5372,0
52.763,-51,-21,50,-3.06,57.02,206.5,1476,1478,0.14,-1.03,-116.01,3.2893,2.7103,6.5372,0
52.780,-51,-21,50,-3.06,57.02,206.5,1478,1478,0.14,-1.03,-116.01,3.2893,2.7103,6.5372,0
52.798,-53,-21,50,-3.18,57.02,206.5,1477,1478,0.14,-1.03,-116.01,3.2893,2.7103,6.5372,0
52.815,-60,-21,50,-3.60,57.02,206.5,1457,1478,0.14,-1.03,-116.01,3.2893,2.7103,6.5372,0
52.833,-63,-21,50,-3.78,57.02,206.5,1460,1478,0.14,-1.03,-116.01,2.0170,3.5426,6.5597,0
52.849,-66,-20,51,-3.88,55.90,206.1,1461,1478,0.14,-1.03,-116.01,2.0170,3.5426,6.5597,0
52.866,-68,-20,51,-4.00,55.90,206.1,1465,1478,0.14,-1.03,-116.01,2.0170,3.5426,6.5597,0
52.883,-71,-21,50,-4.26,57.02,206.5,1463,1478,0.14,-1.03,-116.01,2.0170,3.5426,6.5597,0
52.900,-74,-20,51,-4.35,55.90,206.1,1461,1478,0.14,-1.03,-116.01,2.0170,3.5426,6.5597,0
52.917,-77,-20,51,-4.53,55.90,206.1,1460,1478,0.14,-1.03,-116.01,2.0170,3.5426,6.5597,0
52.934,-79,-20,51,-4.65,55.90,206.1,1463,1478,0.14,-1.03,-116.01,2.0170,3.5426,6.5597,0
52.951,-82,-20,51,-4.82,55.90,206.1,1461,1478,0.14,-1.03,-116.01,2.0170,3.5426,6.5597,0
52.968,-84,-20,51,-4.94,55.90,206.1,1463,1478,0.14,-1.03,-116.01,2.0170,3.5426,6.5597,0
52.985,-84,-20,51,-4.94,55.90,206.1,1471,1478,0.14,-1.03,-116.01,2.0170,3.5426,6.5597,0
53.003,-84,-20,51,-4.94,55.90,206.1,1475,1478,0.14,-1.03,-116.01,2.0170,3.5426,6.5597,0
53.020,-91,-20,51,-5.35,55.90,206.1,1451,1478,-0.63,-0.84,-115.84,2.0170,3.5426,6.5597,0
53.037,-93,-19,52,-5.37,54.83,205.8,1466,1478,-0.63,-0.84,-115.84,2.0170,3.5426,6.5597,1
53.053,-95,-19,52,-5.48,54.83,205.8,1468,1478,-0.63,-0.84,-115.84,2.0170,3.5426,6.5597,1
53.070,-97,-19,52,-5.60,54.83,205.8,1468,1478,-0.63,-0.84,-115.84,1.6807,3.2193,6.5778,1
53.087,-99,-19,52,-5.71,54.83,205.8,1469,1478,-0.63,-0.84,-115.84,1.6807,3.2193,6.5778,1
53.104,-100,-19,52,-5.77,54.83,205.8,1472,1478,-0.63,-0.84,-115.84,1.6807,3.2193,6.5778,1
53.121,-102,-19,52,-5.88,54.83,205.8,1470,1478,-0.63,-0.84,-115.84,1.6807,3.2193,6.5778,1
53.138,-105,-18,53,-5.94,53.79,205.4,1466,1478,-0.63,-0.84,-115.84,1.6807,3.2193,6.5778,1
53.155,-107,-18,53,-6.06,53.79,205.4,1467,1478,-0.63,-0.84,-115.84,1.6807,3.2193,6.5778,1
53.172,-109,-18,53,-6.17,53.79,205.4,1467,1478,-0.63,-0.84,-115.84,1.6807,3.2193,6.5778,1
53.189,-111,-18,53,-6.28,53.79,205.4,1467,1478,-0.63,-0.84,-115.84,1.6807,3.2193,6.5778,1
53.206,-113,-18,53,-6.40,53.79,205.4,1467,1478,-0.63,-0.84,-115.84,1.6807,3.2193,6.5778,1
53.223,-115,-18,53,-6.51,53.79,205.4,1466,1478,-0.63,-0.84,-115.84,1.6807,3.2193,6.5778,1
53.240,-117,-18,53,-6.62,53.79,205.4,1466,1478,-0.63,-0.84,-115.84,1.6807,3.2193,6.5778,1
53.257,-119,-18,53,-6.74,53.79,205.4,1466,1478,-0.41,-0.98,-116.03,1.6807,3.2193,6.5778,1
53.274,-121,-18,53,-6.85,53.79,205.4,1465,1478,-0.41,-0.98,-116.03,1.6807,3.2193,6.5778,1
53.291,-123,-18,53,-6.96,53.79,205.4,1465,1478,-0.41,-0.98,-116.03,1.6807,3.2193,6.5778,1
53.308,-126,-18,53,-7.13,53.79,205.4,1461,1478,-0.41,-0.98,-116.03,1.6807,3.2193,6.5778,1
53.325,-129,-18,53,-7.30,53.79,205.4,1460,1478,-0.41,-0.98,-116.03,1.7292,2.6875,6.7450,1
53.342,-132,-18,53,-7.47,53.79,205.4,1458,1478,-0.41,-0.98,-116.03,1.7292,2.6875,6.7450,1
53.359,-135,-18,53,-7.64,53.79,205.4,1457,1478,-0.41,-0.98,-116.03,1.7292,2.6875,6.7450,1
53.376,-138,-18,53,-7.81,53.79,205.4,1456,1478,-0.41,-0.98,-116.03,1.7292,2.6875,6.7450,1
53.394,-141,-18,53,-7.98,53.79,205.4,1456,1478,-0.41,-0.98,-116.03,1.7292,2.6875,6.7450,1
53.411,-143,-18,53,-8.09,53.79,205.4,1458,1478,-0.41,-0.98,-116.03,1.7292,2.6875,6.7450,1
53.429,-146,-17,54,-8.11,52.79,205.1,1456,1478,-0.41,-0.98,-116.03,1.7292,2.6875,6.7450,1
53.447,-149,-17,54,-8.28,52.79,205.1,1455,1478,-0.41,-0.98,-116.03,1.7292,2.6875,6.7450,1
53.464,-154,-17,54,-8.56,52.79,205.1,1448,1478,-0.41,-0.98,-116.03,1.7292,2.6875,6.7450,1
53.481,-157,-17,54,-8.72,52.79,205.1,1450,1478,-0.41,-0.98,-116.03,1.7292,2.6875,6.7450,1
53.498,-160,-17,54,-8.89,52.79,205.1,1451,1478,-0.41,-0.98,-116.03,1.7292,2.6875,6.7450,1
53.515,-163,-17,54,-9.06,52.79,205.1,1451,1478,-1.06,-0.98,-115.70,1.7292,2.6875,6.7450,1
53.532,-166,-17,54,-9.22,52.79,205.1,1450,1478,-1.06,-0.98,-115.70,1.7292,2.6875,6.7450,1
53.549,-169,-17,54,-9.39,52.79,205.1,1450,1478,-1.06,-0.98,-115.70,1.7292,2.6875,6.7450,1
53.566,-172,-17,54,-9.56,52.79,205.1,1449,1478,-1.06,-0.98,-115.70,1.7292,2.6875,6.7450,1
53.583,-175,-17,54,-9.72,52.79,205.1,1448,1478,-1.06,-0.98,-115.70,1.7025,2.6505,6.5914,1
53.600,-178,-16,55,-9.71,51.83,204.8,1448,1478,-1.06,-0.98,-115.70,1.7025,2.6505,6.5914,1
53.617,-180,-16,55,-9.82,51.83,204.8,1451,1478,-1.06,-0.98,-115.70,1.7025,2.6505,6.5914,1
53.634,-183,-16,55,-9.98,51.83,204.8,1448,1478,-1.06,-0.98,-115.70,1.7025,2.6505,6.5914,1
53.651,-186,-16,55,-10.15,51.83,204.8,1448,1478,-1.06,-0.98,-115.70,1.7025,2.6505,6.5914,1
53.668,-189,-16,55,-10.31,51.83,204.8,1446,1478,-1.06,-0.98,-115.70,1.7025,2.6505,6.5914,1
53.685,-191,-16,55,-10.42,51.83,204.8,1448,1478,-1.06,-0.98,-115.70,1.7025,2.6505,6.5914,1
53.702,-194,-16,55,-10.58,51.83,204.8,1447,1478,-1.06,-0.98,-115.70,1.7025,2.6505,6.5914,1
53.719,-196,-16,55,-10.69,51.83,204.8,1448,1478,-1.06,-0.98,-115.70,1.7025,2.6505,6.5914,1
53.736,-198,-16,55,-10.80,51.83,204.8,1448,1478,-1.06,-0.98,-115.70,1.7025,2.6505,6.5914,1
53.753,-200,-16,55,-10.91,51.83,204.8,1449,1478,-1.06,-0.98,-115.70,1.7025,2.6505,6.5914,1
53.770,-202,-16,55,-11.02,51.83,204.8,1448,1478,-1.81,-1.34,-115.25,1.7025,2.6505,6.5914,1
53.787,-204,-16,55,-11.13,51.83,204.8,1448,1478,-1.81,-1.34,-115.25,1.7025,2.6505,6.5914,1
53.804,-205,-15,56,-10.98,50.91,204.4,1438,1478,-1.81,-1.34,-115.25,1.7025,2.6505,6.5914,0
53.821,-206,-15,56,-11.04,50.91,204.4,1440,1478,-1.81,-1.34,-115.25,1.8557,3.0990,6.4493,0
53.837,-207,-15,56,-11.09,50.91,204.4,1441,1478,-1.81,-1.34,-115.25,1.8557,3.0990,6.4493,0
53.854,-207,-15,56,-11.09,50.91,204.4,1445,1478,-1.81,-1.34,-115.25,1.8557,3.0990,6.4493,0
53.871,-207,-15,56,-11.09,50.91,204.4,1447,1478,-1.81,-1.34,-115.25,1.8557,3.0990,6.4493,0
53.888,-207,-15,56,-11.09,50.91,204.4,1448,1478,-1.81,-1.34,-115.25,1.8557,3.0990,6.4493,0
53.905,-207,-15,56,-11.09,50.91,204.4,1448,1478,-1.81,-1.34,-115.25,1.8557,3.0990,6.4493,0
53.922,-207,-15,56,-11.09,50.91,204.4,1448,1478,-1.81,-1.34,-115.25,1.8557,3.0990,6.4493,0
53.939,-206,-15,56,-11.04,50.91,204.4,1452,1478,-1.81,-1.34,-115.25,1.8557,3.0990,6.4493,0
53.956,-205,-15,56,-10.98,50.91,204.4,1454,1478,-1.81,-1.34,-115.25,1.8557,3.0990,6.4493,0
53.973,-205,-15,56,-10.98,50.91,204.4,1452,1478,-1.81,-1.34,-115.25,1.8557,3.0990,6.4493,0
53.990,-204,-15,56,-10.93,50.91,204.4,1464,1478,-1.81,-1.34,-115.25,1.8557,3.0990,6.4493,1
54.008,-204,-14,57,-10.74,50.02,204.0,1462,1478,-1.66,-1.41,-115.70,1.8557,3.0990,6.4493,1
54.024,-204,-15,56,-10.93,50.91,204.4,1461,1478,-1.66,-1.41,-115.70,1.8557,3.0990,6.4493,1
54.041,-203,-15,56,-10.88,50.91,204.4,1464,1478,-1.66,-1.41,-115.70,1.8557,3.0990,6.4493,1
54.058,-203,-15,56,-10.88,50.91,204.4,1462,1478,-1.66,-1.41,-115.70,1.8557,3.0990,6.4493,1
54.075,-203,-14,57,-10.68,50.02,204.0,1461,1478,-1.66,-1.41,-115.70,1.9280,3.0474,6.6144,1
54.093,-202,-14,57,-10.63,50.02,204.0,1464,1478,-1.66,-1.41,-115.70,1.9280,3.0474,6.6144,1
54.110,-202,-14,57,-10.63,50.02,204.0,1462,1478,-1.66,-1.41,-115.70,1.9280,3.0474,6.6144,1
54.127,-201,-14,57,-10.58,50.02,204.0,1464,1478,-1.66,-1.41,-115.70,1.9280,3.0474,6.6144,1
54.145,-201,-14,57,-10.58,50.02,204.0,1462,1478,-1.66,-1.41,-115.70,1.9280,3.0474,6.6144,1
54.162,-201,-14,57,-10.58,50.02,204.0,1461,1478,-1.66,-1.41,-115.70,1.9280,3.0474,6.6144,1
54.179,-200,-14,57,-10.53,50.02,204.0,1464,1478,-1.66,-1.41,-115.70,1.9280,3.0474,6.6144,1
54.196,-200,-14,57,-10.53,50.02,204.0,1462,1478,-1.66,-1.41,-115.70,1.9280,3.0474,6.6144,1
54.213,-201,-13,58,-10.40,49.15,203.7,1459,1478,-1.66,-1.41,-115.70,1.9280,3.0474,6.6144,1
54.230,-200,-14,57,-10.53,50.02,204.0,1463,1478,-1.66,-1.41,-115.70,1.9280,3.0474,6.6144,1
54.247,-200,-14,57,-10.53,50.02,204.0,1462,1478,-1.66,-1.41,-115.70,1.9280,3.0474,6.6144,1
54.264,-200,-14,57,-10.53,50.02,204.0,1461,1478,-1.38,-1.14,-115.35,1.9280,3.0474,6.6144,1
54.281,-200,-13,58,-10.34,49.15,203.7,1461,1478,-1.38,-1.14,-115.35,1.9280,3.0474,6.6144,1
54.298,-201,-13,58,-10.40,49.15,203.7,1458,1478,-1.38,-1.14,-115.35,1.9280,3.0474,6.6144,1
54.315,-201,-13,58,-10.40,49.15,203.7,1459,1478,-1.38,-1.14,-115.35,1.9280,3.0474,6.6144,1
54.332,-201,-13,58,-10.40,49.15,203.7,1460,1478,-1.38,-1.14,-115.35,1.7084,3.4632,7.2523,1
54.349,-201,-13,58,-10.40,49.15,203.7,1460,1478,-1.38,-1.14,-115.35,1.7084,3.4632,7.2523,1
54.366,-201,-13,58,-10.40,49.15,203.7,1460,1478,-1.38,-1.14,-115.35,1.7084,3.4632,7.2523,1
54.383,-200,-13,58,-10.34,49.15,203.7,1464,1478,-1.38,-1.14,-115.35,1.7084,3.4632,7.2523,1
54.400,-200,-12,59,-10.17,48.32,203.3,1462,1478,-1.38,-1.14,-115.35,1.7084,3.4632,7.2523,1
54.417,-200,-12,59,-10.17,48.32,203.3,1461,1478,-1.38,-1.14,-115.35,1.7084,3.4632,7.2523,1
54.434,-198,-13,58,-10.24,49.15,203.7,1467,1478,-1.38,-1.14,-115.35,1.7084,3.4632,7.2523,1
54.451,-197,-13,58,-10.19,49.15,203.7,1467,1478,-1.38,-1.14,-115.35,1.7084,3.4632,7.2523,1
54.468,-196,-13,58,-10.14,49.15,203.7,1468,1478,-1.38,-1.14,-115.35,1.7084,3.4632,7.2523,1
54.485,-195,-13,58,-10.09,49.15,203.7,1468,1478,-1.38,-1.14,-115.35,1.7084,3.4632,7.2523,1
54.502,-193,-13,58,-9.98,49.15,203.7,1471,1478,-1.38,-1.14,-115.35,1.7084,3.4632,7.2523,1
54.518,-191,-13,58,-9.88,49.15,203.7,1472,1478,-1.25,-0.65,-114.69,1.7084,3.4632,7.2523,1
54.535,-189,-13,58,-9.78,49.15,203.7,1473,1478,-1.25,-0.65,-114.69,1.7084,3.4632,7.2523,1
54.552,-187,-13,58,-9.67,49.15,203.7,1474,1478,-1.25,-0.65,-114.69,1.7084,3.4632,7.2523,1
54.569,-184,-13,58,-9.52,49.15,203.7,1478,1478,-1.25,-0.65,-114.69,1.7084,3.4632,7.2523,1
54.586,-182,-13,58,-9.41,49.15,203.7,1477,1478,-1.25,-0.65,-114.69,2.9519,2.4755,5.3179,1
54.603,-179,-13,58,-9.26,49.15,203.7,1478,1478,-1.25,-0.65,-114.69,2.9519,2.4755,5.3179,1
54.620,-177,-12,59,-9.00,48.32,203.3,1478,1478,-1.25,-0.65,-114.69,2.9519,2.4755,5.3179,1
54.637,-174,-12,59,-8.85,48.32,203.3,1478,1478,-1.25,-0.65,-114.69,2.9519,2.4755,5.3179,1
54.654,-171,-12,59,-8.69,48.32,203.3,1478,1478,-1.25,-0.65,-114.69,2.9519,2.4755,5.3179,1
54.671,-170,-12,59,-8.64,48.32,203.3,1477,1478,-1.25,-0.65,-114.69,2.9519,2.4755,5.3179,1
54.688,-167,-11,60,-8.35,47.52,203.0,1478,1478,-1.25,-0.65,-114.69,2.9519,2.4755,5.3179,1
54.706,-165,-11,60,-8.25,47.52,203.0,1478,1478,-1.25,-0.65,-114.69,2.9519,2.4755,5.3179,1
54.723,-162,-11,60,-8.10,47.52,203.0,1478,1478,-1.25,-0.65,-114.69,2.9519,2.4755,5.3179,1
54.740,-159,-11,60,-7.95,47.52,203.0,1478,1478,-1.25,-0.65,-114.69,2.9519,2.4755,5.3179,1
54.757,-156,-11,60,-7.80,47.52,203.0,1478,1478,-1.25,-0.65,-114.69,2.9519,2.4755,5.3179,1
54.774,-153,-11,60,-7.65,47.52,203.0,1478,1478,-0.86,-0.55,-114.67,2.9519,2.4755,5.3179,1
54.791,-149,-11,60,-7.45,47.52,203.0,1478,1478,-0.86,-0.55,-114.67,2.9519,2.4755,5.3179,1
54.808,-145,-11,60,-7.25,47.52,203.0,1478,1478,-0.86,-0.55,-114.67,2.9519,2.4755,5.3179,1
54.825,-141,-11,60,-7.05,47.52,203.0,1478,1478,-0.86,-0.55,-114.67,3.2705,2.3646,5.5490,1
54.842,-137,-11,60,-6.85,47.52,203.0,1478,1478,-0.86,-0.55,-114.67,3.2705,2.3646,5.5490,1
54.860,-133,-11,60,-6.65,47.52,203.0,1478,1478,-0.86,-0.55,-114.67,3.2705,2.3646,5.5490,1
54.877,-129,-11,60,-6.45,47.52,203.0,1478,1478,-0.86,-0.55,-114.67,3.2705,2.3646,5.5490,1
54.894,-125,-10,61,-6.15,46.74,202.6,1478,1478,-0.86,-0.55,-114.67,3.2705,2.3646,5.5490,1
54.911,-122,-11,60,-6.10,47.52,203.0,1478,1478,-0.86,-0.55,-114.67,3.2705,2.3646,5.5490,1
54.928,-117,-11,60,-5.85,47.52,203.0,1500,1478,-0.86,-0.55,-114.67,3.2705,2.3646,5.5490,1
54.946,-109,-11,60,-5.45,47.52,203.0,1522,1478,-0.86,-0.55,-114.67,3.2705,2.3646,5.5490,1
54.963,-105,-11,60,-5.25,47.52,203.0,1522,1478,-0.86,-0.55,-114.67,3.2705,2.3646,5.5490,1
54.980,-101,-11,60,-5.05,47.52,203.0,1522,1478,-0.86,-0.55,-114.67,3.2705,2.3646,5.5490,1
54.997,-97,-11,60,-4.85,47.52,203.0,1522,1478,-0.86,-0.55,-114.67,3.2705,2.3646,5.5490,1
55.014,-93,-11,60,-4.65,47.52,203.0,1522,1478,-0.34,-0.57,-115.14,3.2705,2.3646,5.5490,1
55.031,-88,-11,60,-4.40,47.52,203.0,1522,1478,-0.34,-0.57,-115.14,3.2705,2.3646,5.5490,1
55.048,-84,-11,60,-4.20,47.52,203.0,1522,1478,-0.34,-0.57,-115.14,3.2705,2.3646,5.5490,1
55.065,-80,-11,60,-4.00,47.52,203.0,1522,1478,-0.34,-0.57,-115.14,3.2705,2.3646,5.5490,1
55.082,-76,-11,60,-3.80,47.52,203.0,1522,1478,-0.34,-0.57,-115.14,3.3473,2.1520,6.2755,1
55.099,-73,-11,60,-3.65,47.52,203.0,1522,1478,-0.34,-0.57,-115.14,3.3473,2.1520,6.2755,1
55.116,-69,-11,60,-3.45,47.52,203.0,1522,1478,-0.34,-0.57,-115.14,3.3473,2.1520,6.2755,1
55.133,-66,-10,61,-3.25,46.74,202.6,1522,1478,-0.34,-0.57,-115.14,3.3473,2.1520,6.2755,1
55.150,-63,-11,60,-3.15,47.52,203.0,1522,1478,-0.34,-0.57,-115.14,3.3473,2.1520,6.2755,1
55.167,-60,-11,60,-3.00,47.52,203.0,1522,1478,-0.34,-0.57,-115.14,3.3473,2.1520,6.2755,1
55.184,-56,-11,60,-2.80,47.52,203.0,1522,1478,-0.34,-0.57,-115.14,3.3473,2.1520,6.2755,1
55.201,-53,-11,60,-2.65,47.52,203.0,1522,1478,-0.34,-0.57,-115.14,3.3473,2.1520,6.2755,1
55.218,-49,-11,60,-2.45,47.52,203.0,1522,1478,-0.34,-0.57,-115.14,3.3473,2.1520,6.2755,1
55.235,-46,-11,60,-2.30,47.52,203.0,1522,1478,-0.34,-0.57,-115.14,3.3473,2.1520,6.2755,1
55.251,-43,-11,60,-2.15,47.52,203.0,1522,1478,-0.34,-0.57,-115.14,3.3473,2.1520,6.2755,1
55.268,-39,-11,60,-1.95,47.52,203.0,1522,1478,0.10,-0.66,-115.66,3.3473,2.1520,6.2755,1
55.285,-36,-11,60,-1.80,47.52,203.0,1522,1478,0.10,-0.66,-115.66,3.3473,2.1520,6.2755,1
55.302,-33,-11,60,-1.65,47.52,203.0,1522,1478,0.10,-0.66,-115.66,3.3473,2.1520,6.2755,1
55.319,-30,-11,60,-1.50,47.52,203.0,1522,1478,0.10,-0.66,-115.66,2.5468,2.8240,6.3013,1
55.336,-28,-11,60,-1.40,47.52,203.0,1522,1478,0.10,-0.66,-115.66,2.5468,2.8240,6.3013,1
55.353,-26,-11,60,-1.30,47.52,203.0,1522,1478,0.10,-0.66,-115.66,2.5468,2.8240,6.3013,1
55.370,-23,-12,59,-1.17,48.32,203.3,1522,1478,0.10,-0.66,-115.66,2.5468,2.8240,6.3013,1
55.387,-21,-12,59,-1.07,48.32,203.3,1522,1478,0.10,-0.66,-115.66,2.5468,2.8240,6.3013,1
55.404,-18,-12,59,-0.92,48.32,203.3,1522,1478,0.10,-0.66,-115.66,2.5468,2.8240,6.3013,1
55.421,-15,-12,59,-0.76,48.32,203.3,1522,1478,0.10,-0.66,-115.66,2.5468,2.8240,6.3013,1
55.438,-13,-12,59,-0.66,48.32,203.3,1522,1478,0.10,-0.66,-115.66,2.5468,2.8240,6.3013,1
55.455,-11,-12,59,-0.56,48.32,203.3,1522,1478,0.10,-0.66,-115.66,2.5468,2.8240,6.3013,1
55.472,-9,-13,58,-0.47,49.15,203.7,1522,1478,0.10,-0.66,-115.66,2.5468,2.8240,6.3013,1
55.489,-7,-12,59,-0.36,48.32,203.3,1522,1478,0.10,-0.66,-115.66,2.5468,2.8240,6.3013,1
55.506,-6,-12,59,-0.31,48.32,203.3,1522,1478,0.10,-0.66,-115.66,2.5468,2.8240,6.3013,1
55.523,-5,-12,59,-0.25,48.32,203.3,1522,1478,0.21,-0.94,-116.41,2.5468,2.8240,6.3013,1
55.540,-4,-12,59,-0.20,48.32,203.3,1522,1478,0.21,-0.94,-116.41,2.5468,2.8240,6.3013,1
55.557,-4,-12,59,-0.20,48.32,203.3,1522,1478,0.21,-0.94,-116.41,2.5468,2.8240,6.3013,1
55.575,-4,-12,59,-0.20,48.32,203.3,1500,1478,0.21,-0.94,-116.41,1.7057,3.5031,7.4054,1
55.592,-4,-12,59,-0.20,48.32,203.3,1500,1478,0.21,-0.94,-116.41,1.7057,3.5031,7.4054,1
55.610,-5,-12,59,-0.25,48.32,203.3,1478,1478,0.21,-0.94,-116.41,1.7057,3.5031,7.4054,1
55.627,-6,-12,59,-0.31,48.32,203.3,1478,1478,0.21,-0.94,-116.41,1.7057,3.5031,7.4054,1
55.644,-6,-13,58,-0.31,49.15,203.7,1478,1478,0.21,-0.94,-116.41,1.7057,3.5031,7.4054,1
55.662,-8,-13,58,-0.41,49.15,203.7,1478,1478,0.21,-0.94,-116.41,1.7057,3.5031,7.4054,1
55.679,-9,-13,58,-0.47,49.15,203.7,1478,1478,0.21,-0.94,-116.41,1.7057,3.5031,7.4054,1
55.697,-10,-13,58,-0.52,49.15,203.7,1478,1478,0.21,-0.94,-116.41,1.7057,3.5031,7.4054,1
55.714,-11,-13,58,-0.57,49.15,203.7,1478,1478,0.21,-0.94,-116.41,1.7057,3.5031,7.4054,1
55.731,-13,-13,58,-0.67,49.15,203.7,1478,1478,0.21,-0.94,-116.41,1.7057,3.5031,7.4054,1
55.748,-14,-13,58,-0.72,49.15,203.7,1478,1478,0.21,-0.94,-116.41,1.7057,3.5031,7.4054,1
55.765,-15,-13,58,-0.78,49.15,203.7,1478,1478,-0.54,-1.02,-116.34,1.7057,3.5031,7.4054,1
55.782,-17,-13,58,-0.88,49.15,203.7,1478,1478,-0.54,-1.02,-116.34,1.7057,3.5031,7.4054,1
55.799,-18,-13,58,-0.93,49.15,203.7,1478,1478,-0.54,-1.02,-116.34,1.7057,3.5031,7.4054,1
55.816,-19,-13,58,-0.98,49.15,203.7,1478,1478,-0.54,-1.02,-116.34,1.8298,3.4870,7.2964,1
55.833,-20,-13,58,-1.03,49.15,203.7,1478,1478,-0.54,-1.02,-116.34,1.8298,3.4870,7.2964,1
55.850,-22,-13,58,-1.14,49.15,203.7,1478,1478,-0.54,-1.02,-116.34,1.8298,3.4870,7.2964,1
55.867,-23,-13,58,-1.19,49.15,203.7,1478,1478,-0.54,-1.02,-116.34,1.8298,3.4870,7.2964,1
55.884,-25,-13,58,-1.29,49.15,203.7,1478,1478,-0.54,-1.02,-116.34,1.8298,3.4870,7.2964,1
55.901,-27,-14,57,-1.42,50.02,204.0,1478,1478,-0.54,-1.02,-116.34,1.8298,3.4870,7.2964,1
55.918,-28,-13,58,-1.45,49.15,203.7,1478,1478,-0.54,-1.02,-116.34,1.8298,3.4870,7.2964,1
55.935,-30,-13,58,-1.55,49.15,203.7,1478,1478,-0.54,-1.02,-116.34,1.8298,3.4870,7.2964,1
55.952,-31,-13,58,-1.60,49.15,203.7,1478,1478,-0.54,-1.02,-116.34,1.8298,3.4870,7.2964,1
55.969,-33,-13,58,-1.71,49.15,203.7,1478,1478,-0.54,-1.02,-116.34,1.8298,3.4870,7.2964,1
55.986,-35,-13,58,-1.81,49.15,203.7,1478,1478,-0.54,-1.02,-116.34,1.8298,3.4870,7.2964,1
56.003,-36,-13,58,-1.86,49.15,203.7,1478,1478,-0.54,-1.02,-116.34,1.8298,3.4870,7.2964,1
56.019,-38,-13,58,-1.97,49.15,203.7,1478,1478,-0.96,-0.73,-116.15,1.8298,3.4870,7.2964,1
56.036,-39,-13,58,-2.02,49.15,203.7,1478,1478,-0.96,-0.73,-116.15,1.8298,3.4870,7.2964,1
56.053,-41,-13,58,-2.12,49.15,203.7,1478,1478,-0.96,-0.73,-116.15,1.8298,3.4870,7.2964,1
56.070,-42,-14,57,-2.21,50.02,204.0,1478,1478,-0.96,-0.73,-116.15,2.2735,3.4016,7.4240,1
56.088,-44,-13,58,-2.28,49.15,203.7,1478,1478,-0.96,-0.73,-116.15,2.2735,3.4016,7.4240,1
56.105,-45,-13,58,-2.33,49.15,203.7,1478,1478,-0.96,-0.73,-116.15,2.2735,3.4016,7.4240,1
56.121,-47,-13,58,-2.43,49.15,203.7,1478,1478,-0.96,-0.73,-116.15,2.2735,3.4016,7.4240,1
56.138,-48,-13,58,-2.48,49.15,203.7,1478,1478,-0.96,-0.73,-116.15,2.2735,3.4016,7.4240,1
56.155,-50,-13,58,-2.59,49.15,203.7,1478,1478,-0.96,-0.73,-116.15,2.2735,3.4016,7.4240,1
56.173,-52,-13,58,-2.69,49.15,203.7,1478,1478,-0.96,-0.73,-116.15,2.2735,3.4016,7.4240,1
56.190,-54,-13,58,-2.79,49.15,203.7,1478,1478,-0.96,-0.73,-116.15,2.2735,3.4016,7.4240,1
56.207,-55,-13,58,-2.84,49.15,203.7,1478,1478,-0.96,-0.73,-116.15,2.2735,3.4016,7.4240,1
56.224,-57,-13,58,-2.95,49.15,203.7,1478,1478,-0.96,-0.73,-116.15,2.2735,3.4016,7.4240,1
56.242,-59,-13,58,-3.05,49.15,203.7,1478,1478,-0.96,-0.73,-116.15,2.2735,3.4016,7.4240,1
56.259,-62,-12,59,-3.15,48.32,203.3,1475,1478,-0.62,-0.97,-115.84,2.2735,3.4016,7.4240,1
56.276,-63,-12,59,-3.20,48.32,203.3,1478,1478,-0.62,-0.97,-115.84,2.2735,3.4016,7.4240,1
56.293,-65,-12,59,-3.31,48.32,203.3,1477,1478,-0.62,-0.97,-115.84,2.2735,3.4016,7.4240,1
56.310,-66,-12,59,-3.36,48.32,203.3,1478,1478,-0.62,-0.97,-115.84,2.2735,3.4016,7.4240,1
56.328,-68,-12,59,-3.46,48.32,203.3,1478,1478,-0.62,-0.97,-115.84,2.4502,3.0294,6.7014,1
56.345,-69,-12,59,-3.51,48.32,203.3,1478,1478,-0.62,-0.97,-115.84,2.4502,3.0294,6.7014,1
56.362,-70,-12,59,-3.56,48.32,203.3,1478,1478,-0.62,-0.97,-115.84,2.4502,3.0294,6.7014,1
56.379,-71,-12,59,-3.61,48.32,203.3,1478,1478,-0.62,-0.97,-115.84,2.4502,3.0294,6.7014,1
56.396,-71,-12,59,-3.61,48.32,203.3,1478,1478,-0.62,-0.97,-115.84,2.4502,3.0294,6.7014,1
56.413,-72,-12,59,-3.66,48.32,203.3,1478,1478,-0.62,-0.97,-115.84,2.4502,3.0294,6.7014,1
56.430,-72,-11,60,-3.60,47.52,203.0,1478,1478,-0.62,-0.97,-115.84,2.4502,3.0294,6.7014,1
56.447,-73,-11,60,-3.65,47.52,203.0,1478,1478,-0.62,-0.97,-115.84,2.4502,3.0294,6.7014,1
56.464,-74,-11,60,-3.70,47.52,203.0,1478,1478,-0.62,-0.97,-115.84,2.4502,3.0294,6.7014,1
56.481,-75,-11,60,-3.75,47.52,203.0,1478,1478,-0.62,-0.97,-115.84,2.4502,3.0294,6.7014,1
56.498,-76,-11,60,-3.80,47.52,203.0,1478,1478,-0.62,-0.97,-115.84,2.4502,3.0294,6.7014,1
56.515,-78,-11,60,-3.90,47.52,203.0,1476,1478,-0.74,-0.82,-116.26,2.4502,3.0294,6.7014,1
56.532,-79,-11,60,-3.95,47.52,203.0,1478,1478,-0.74,-0.82,-116.26,2.4502,3.0294,6.7014,1
56.549,-81,-11,60,-4.05,47.52,203.0,1476,1478,-0.74,-0.82,-116.26,2.4502,3.0294,6.7014,1
56.566,-83,-10,61,-4.08,46.74,202.6,1474,1478,-0.74,-0.82,-116.26,2.4502,3.0294,6.7014,1
56.583,-84,-10,61,-4.13,46.74,202.6,1476,1478,-0.74,-0.82,-116.26,1.8360,3.4374,7.1824,1
56.599,-86,-10,61,-4.23,46.74,202.6,1474,1478,-0.74,-0.82,-116.26,1.8360,3.4374,7.1824,1
56.616,-87,-10,61,-4.28,46.74,202.6,1476,1478,-0.74,-0.82,-116.26,1.8360,3.4374,7.1824,1
56.633,-88,-10,61,-4.33,46.74,202.6,1476,1478,-0.74,-0.82,-116.26,1.8360,3.4374,7.1824,1
56.650,-89,-10,61,-4.38,46.74,202.6,1476,1478,-0.74,-0.82,-116.26,1.8360,3.4374,7.1824,1
56.667,-90,-10,61,-4.43,46.74,202.6,1477,1478,-0.74,-0.82,-116.26,1.8360,3.4374,7.1824,1
56.684,-91,-9,62,-4.40,45.98,202.3,1476,1478,-0.74,-0.82,-116.26,1.8360,3.4374,7.1824,1
56.701,-92,-9,62,-4.45,45.98,202.3,1476,1478,-0.74,-0.82,-116.26,1.8360,3.4374,7.1824,1
56.718,-92,-9,62,-4.45,45.98,202.3,1478,1478,-0.74,-0.82,-116.26,1.8360,3.4374,7.1824,1
56.735,-93,-9,62,-4.50,45.98,202.3,1478,1478,-0.74,-0.82,-116.26,1.8360,3.4374,7.1824,1
56.752,-94,-9,62,-4.55,45.98,202.3,1477,1478,-0.74,-0.82,-116.26,1.8360,3.4374,7.1824,1
56.769,-94,-8,63,-4.48,45.25,201.9,1478,1478,-1.53,-0.11,-116.47,1.8360,3.4374,7.1824,1
56.787,-95,-8,63,-4.52,45.25,201.9,1478,1478,-1.53,-0.11,-116.47,1.8360,3.4374,7.1824,1
56.804,-96,-8,63,-4.57,45.25,201.9,1476,1478,-1.53,-0.11,-116.47,1.8360,3.4374,7.1824,1
56.821,-96,-8,63,-4.57,45.25,201.9,1478,1478,-1.53,-0.11,-116.47,1.7155,3.5309,7.1019,1
56.838,-97,-8,63,-4.62,45.25,201.9,1477,1478,-1.53,-0.11,-116.47,1.7155,3.5309,7.1019,1
56.855,-97,-8,63,-4.62,45.25,201.9,1478,1478,-1.53,-0.11,-116.47,1.7155,3.5309,7.1019,1
56.872,-97,-8,63,-4.62,45.25,201.9,1478,1478,-1.53,-0.11,-116.47,1.7155,3.5309,7.1019,1
56.890,-97,-8,63,-4.62,45.25,201.9,1478,1478,-1.53,-0.11,-116.47,1.7155,3.5309,7.1019,1
56.907,-96,-8,63,-4.57,45.25,201.9,1478,1478,-1.53,-0.11,-116.47,1.7155,3.5309,7.1019,1
56.925,-96,-7,64,-4.50,44.55,201.6,1478,1478,-1.53,-0.11,-116.47,1.7155,3.5309,7.1019,1
56.942,-95,-7,64,-4.45,44.55,201.6,1478,1478,-1.53,-0.11,-116.47,1.7155,3.5309,7.1019,1
56.959,-95,-7,64,-4.45,44.55,201.6,1478,1478,-1.53,-0.11,-116.47,1.7155,3.5309,7.1019,1
56.976,-94,-7,64,-4.41,44.55,201.6,1478,1478,-1.53,-0.11,-116.47,1.7155,3.5309,7.1019,1
56.993,-94,-7,64,-4.41,44.55,201.6,1478,1478,-1.53,-0.11,-116.47,1.7155,3.5309,7.1019,1
57.010,-94,-7,64,-4.41,44.55,201.6,1478,1478,-2.15,0.65,-116.11,1.7155,3.5309,7.1019,1
57.027,-92,-7,64,-4.31,44.55,201.6,1478,1478,-2.15,0.65,-116.11,1.7155,3.5309,7.1019,1
57.044,-91,-7,64,-4.27,44.55,201.6,1478,1478,-2.15,0.65,-116.11,1.7155,3.5309,7.1019,1
57.061,-90,-7,64,-4.22,44.55,201.6,1478,1478,-2.15,0.65,-116.11,1.7155,3.5309,7.1019,1
57.078,-88,-7,64,-4.12,44.55,201.6,1478,1478,-2.15,0.65,-116.11,2.7167,2.7595,6.4297,1
57.095,-87,-7,64,-4.08,44.55,201.6,1478,1478,-2.15,0.65,-116.11,2.7167,2.7595,6.4297,1
57.112,-85,-7,64,-3.98,44.55,201.6,1478,1478,-2.15,0.65,-116.11,2.7167,2.7595,6.4297,1
57.129,-83,-7,64,-3.89,44.55,201.6,1478,1478,-2.15,0.65,-116.11,2.7167,2.7595,6.4297,1
57.146,-80,-7,64,-3.75,44.55,201.6,1478,1478,-2.15,0.65,-116.11,2.7167,2.7595,6.4297,1
57.163,-78,-7,64,-3.66,44.55,201.6,1478,1478,-2.15,0.65,-116.11,2.7167,2.7595,6.4297,1
57.180,-75,-7,64,-3.52,44.55,201.6,1500,1478,-2.15,0.65,-116.11,2.7167,2.7595,6.4297,1
57.197,-72,-7,64,-3.38,44.55,201.6,1500,1478,-2.15,0.65,-116.11,2.7167,2.7595,6.4297,1
57.214,-68,-8,63,-3.24,45.25,201.9,1522,1478,-2.15,0.65,-116.11,2.7167,2.7595,6.4297,1
57.231,-64,-8,63,-3.05,45.25,201.9,1522,1478,-2.15,0.65,-116.11,2.7167,2.7595,6.4297,1
57.247,-60,-8,63,-2.86,45.25,201.9,1522,1478,-2.15,0.65,-116.11,2.7167,2.7595,6.4297,1
57.264,-56,-9,62,-2.71,45.98,202.3,1522,1478,-1.13,0.25,-115.45,2.7167,2.7595,6.4297,1
57.281,-52,-9,62,-2.52,45.98,202.3,1522,1478,-1.13,0.25,-115.45,2.7167,2.7595,6.4297,1
57.298,-48,-9,62,-2.32,45.98,202.3,1522,1478,-1.13,0.25,-115.45,2.7167,2.7595,6.4297,1
57.315,-44,-9,62,-2.13,45.98,202.3,1522,1478,-1.13,0.25,-115.45,2.7167,2.7595,6.4297,1
57.332,-40,-9,62,-1.94,45.98,202.3,1522,1478,-1.13,0.25,-115.45,3.5469,2.7537,6.4433,1
57.349,-36,-9,62,-1.74,45.98,202.3,1522,1478,-1.13,0.25,-115.45,3.5469,2.7537,6.4433,1
57.366,-32,-10,61,-1.57,46.74,202.6,1522,1478,-1.13,0.25,-115.45,3.5469,2.7537,6.4433,1
57.383,-28,-10,61,-1.38,46.74,202.6,1522,1478,-1.13,0.25,-115.45,3.5469,2.7537,6.4433,1
57.400,-25,-10,61,-1.23,46.74,202.6,1522,1478,-1.13,0.25,-115.45,3.5469,2.7537,6.4433,1
57.417,-20,-10,61,-0.98,46.74,202.6,1522,1478,-1.13,0.25,-115.45,3.5469,2.7537,6.4433,1
57.434,-15,-11,60,-0.75,47.52,203.0,1522,1478,-1.13,0.25,-115.45,3.5469,2.7537,6.4433,1
57.451,-11,-11,60,-0.55,47.52,203.0,1522,1478,-1.13,0.25,-115.45,3.5469,2.7537,6.4433,1
57.468,-6,-11,60,-0.30,47.52,203.0,1524,1478,-1.13,0.25,-115.45,3.5469,2.7537,6.4433,1
57.485,-1,-11,60,-0.05,47.52,203.0,1526,1478,-1.13,0.25,-115.45,3.5469,2.7537,6.4433,1
57.502,4,-11,60,0.20,47.52,203.0,1528,1478,-1.13,0.25,-115.45,3.5469,2.7537,6.4433,1
57.519,8,-12,59,0.41,48.32,203.3,1526,1478,-0.03,-0.47,-115.30,3.5469,2.7537,6.4433,1
57.536,12,-12,59,0.61,48.32,203.3,1525,1478,-0.03,-0.47,-115.30,3.5469,2.7537,6.4433,1
57.553,12,-12,59,0.61,48.32,203.3,1522,1478,-0.03,-0.47,-115.30,3.5469,2.7537,6.4433,1
57.570,16,-12,59,0.81,48.32,203.3,1522,1478,-0.03,-0.47,-115.30,3.6440,2.2940,6.0633,1
57.587,25,-13,58,1.29,49.15,203.7,1538,1478,-0.03,-0.47,-115.30,3.6440,2.2940,6.0633,1
57.604,29,-13,58,1.50,49.15,203.7,1533,1478,-0.03,-0.47,-115.30,3.6440,2.2940,6.0633,1
57.621,33,-13,58,1.71,49.15,203.7,1531,1478,-0.03,-0.47,-115.30,3.6440,2.2940,6.0633,1
57.638,37,-13,58,1.91,49.15,203.7,1531,1478,-0.03,-0.47,-115.30,3.6440,2.2940,6.0633,1
57.655,41,-13,58,2.12,49.15,203.7,1531,1478,-0.03,-0.47,-115.30,3.6440,2.2940,6.0633,1
57.673,45,-14,57,2.37,50.02,204.0,1531,1478,-0.03,-0.47,-115.30,3.6440,2.2940,6.0633,1
57.690,49,-14,57,2.58,50.02,204.0,1532,1478,-0.03,-0.47,-115.30,3.6440,2.2940,6.0633,1
57.707,53,-14,57,2.79,50.02,204.0,1532,1478,-0.03,-0.47,-115.30,3.6440,2.2940,6.0633,1
57.724,56,-14,57,2.95,50.02,204.0,1530,1478,-0.03,-0.47,-115.30,3.6440,2.2940,6.0633,1
57.742,59,-15,56,3.16,50.91,204.4,1529,1478,-0.03,-0.47,-115.30,3.6440,2.2940,6.0633,1
57.759,62,-15,56,3.32,50.91,204.4,1529,1478,-0.03,-0.47,-115.30,3.6440,2.2940,6.0633,1
57.776,68,-15,56,3.64,50.91,204.4,1538,1478,0.48,-1.58,-115.70,3.6440,2.2940,6.0633,1
57.793,68,-15,56,3.64,50.91,204.4,1525,1478,0.48,-1.58,-115.70,3.6440,2.2940,6.0633,1
57.810,73,-16,55,3.98,51.83,204.8,1534,1478,0.48,-1.58,-115.70,3.6440,2.2940,6.0633,1
57.827,76,-16,55,4.15,51.83,204.8,1533,1478,0.48,-1.58,-115.70,3.6352,2.0896,6.6767,1
57.844,78,-16,55,4.25,51.83,204.8,1530,1478,0.48,-1.58,-115.70,3.6352,2.0896,6.6767,1
57.861,80,-16,55,4.36,51.83,204.8,1528,1478,0.48,-1.58,-115.70,3.6352,2.0896,6.6767,1
57.878,83,-16,55,4.53,51.83,204.8,1531,1478,0.48,-1.58,-115.70,3.6352,2.0896,6.6767,1
57.895,85,-16,55,4.64,51.83,204.8,1529,1478,0.48,-1.58,-115.70,3.6352,2.0896,6.6767,1
57.912,87,-17,54,4.83,52.79,205.1,1529,1478,0.48,-1.58,-115.70,3.6352,2.0896,6.6767,1
57.929,90,-17,54,5.00,52.79,205.1,1532,1478,0.48,-1.58,-115.70,3.6352,2.0896,6.6767,1
57.946,92,-17,54,5.11,52.79,205.1,1531,1478,0.48,-1.58,-115.70,3.6352,2.0896,6.6767,1
57.963,93,-17,54,5.17,52.79,205.1,1527,1478,0.48,-1.58,-115.70,3.6352,2.0896,6.6767,1
57.980,95,-17,54,5.28,52.79,205.1,1528,1478,0.48,-1.58,-115.70,3.6352,2.0896,6.6767,1
57.997,95,-17,54,5.28,52.79,205.1,1524,1478,0.48,-1.58,-115.70,3.6352,2.0896,6.6767,1
58.014,96,-17,54,5.33,52.79,205.1,1524,1478,0.93,-2.13,-116.14,3.6352,2.0896,6.6767,1
58.031,96,-18,53,5.43,53.79,205.4,1522,1478,0.93,-2.13,-116.14,3.6352,2.0896,6.6767,1
58.048,97,-18,53,5.49,53.79,205.4,1523,1478,0.93,-2.13,-116.14,3.6352,2.0896,6.6767,1
58.065,96,-18,53,5.43,53.79,205.4,1522,1478,0.93,-2.13,-116.14,2.5859,2.9714,7.2631,1
58.082,96,-18,53,5.43,53.79,205.4,1522,1478,0.93,-2.13,-116.14,2.5859,2.9714,7.2631,1
58.098,96,-18,53,5.43,53.79,205.4,1522,1478,0.93,-2.13,-116.14,2.5859,2.9714,7.2631,1
58.115,95,-18,53,5.38,53.79,205.4,1522,1478,0.93,-2.13,-116.14,2.5859,2.9714,7.2631,1
58.132,94,-18,53,5.32,53.79,205.4,1522,1478,0.93,-2.13,-116.14,2.5859,2.9714,7.2631,1
58.149,93,-18,53,5.26,53.79,205.4,1522,1478,0.93,-2.13,-116.14,2.5859,2.9714,7.2631,1
58.166,91,-19,52,5.25,54.83,205.8,1522,1478,0.93,-2.13,-116.14,2.5859,2.9714,7.2631,1
58.183,89,-18,53,5.04,53.79,205.4,1522,1478,0.93,-2.13,-116.14,2.5859,2.9714,7.2631,1
58.200,88,-18,53,4.98,53.79,205.4,1522,1478,0.93,-2.13,-116.14,2.5859,2.9714,7.2631,1
58.217,86,-19,52,4.96,54.83,205.8,1522,1478,0.93,-2.13,-116.14,2.5859,2.9714,7.2631,1
58.234,84,-19,52,4.85,54.83,205.8,1522,1478,0.93,-2.13,-116.14,2.5859,2.9714,7.2631,1
58.251,82,-19,52,4.73,54.83,205.8,1522,1478,0.93,-2.13,-116.14,2.5859,2.9714,7.2631,1
58.268,80,-19,52,4.62,54.83,205.8,1522,1478,0.33,-2.21,-115.83,2.5859,2.9714,7.2631,1
58.285,78,-19,52,4.50,54.83,205.8,1522,1478,0.33,-2.21,-115.83,2.5859,2.9714,7.2631,1
58.302,76,-19,52,4.38,54.83,205.8,1522,1478,0.33,-2.21,-115.83,2.5859,2.9714,7.2631,1
58.319,74,-19,52,4.27,54.83,205.8,1522,1478,0.33,-2.21,-115.83,2.6333,2.7428,7.4261,1
58.336,73,-19,52,4.21,54.83,205.8,1522,1478,0.33,-2.21,-115.83,2.6333,2.7428,7.4261,1
58.353,71,-19,52,4.10,54.83,205.8,1522,1478,0.33,-2.21,-115.83,2.6333,2.7428,7.4261,1
58.370,70,-19,52,4.04,54.83,205.8,1522,1478,0.33,-2.21,-115.83,2.6333,2.7428,7.4261,1
58.387,68,-19,52,3.92,54.83,205.8,1522,1478,0.33,-2.21,-115.83,2.6333,2.7428,7.4261,1
58.404,66,-19,52,3.81,54.83,205.8,1522,1478,0.33,-2.21,-115.83,2.6333,2.7428,7.4261,1
58.421,65,-19,52,3.75,54.83,205.8,1522,1478,0.33,-2.21,-115.83,2.6333,2.7428,7.4261,1
58.440,62,-19,52,3.58,54.83,205.8,1500,1478,0.33,-2.21,-115.83,2.6333,2.7428,7.4261,1
58.457,60,-19,52,3.46,54.83,205.8,1500,1478,0.33,-2.21,-115.83,2.6333,2.7428,7.4261,1
58.474,57,-19,52,3.29,54.83,205.8,1478,1478,0.33,-2.21,-115.83,2.6333,2.7428,7.4261,1
58.492,50,-19,52,2.88,54.83,205.8,1478,1478,0.33,-2.21,-115.83,2.6333,2.7428,7.4261,1
58.509,47,-19,52,2.71,54.83,205.8,1478,1478,-0.22,-1.43,-115.69,2.6333,2.7428,7.4261,1
58.526,43,-18,53,2.43,53.79,205.4,1478,1478,-0.22,-1.43,-115.69,2.6333,2.7428,7.4261,1
58.543,39,-18,53,2.21,53.79,205.4,1478,1478,-0.22,-1.43,-115.69,2.6333,2.7428,7.4261,1
58.560,35,-18,53,1.98,53.79,205.4,1478,1478,-0.22,-1.43,-115.69,2.6333,2.7428,7.4261,1
58.577,32,-18,53,1.81,53.79,205.4,1478,1478,-0.22,-1.43,-115.69,2.0949,3.0860,6.7298,1
58.593,28,-18,53,1.58,53.79,205.4,1478,1478,-0.22,-1.43,-115.69,2.0949,3.0860,6.7298,1
58.610,24,-18,53,1.36,53.79,205.4,1478,1478,-0.22,-1.43,-115.69,2.0949,3.0860,6.7298,1
58.627,20,-18,53,1.13,53.79,205.4,1478,1478,-0.22,-1.43,-115.69,2.0949,3.0860,6.7298,1
58.644,16,-18,53,0.91,53.79,205.4,1478,1478,-0.22,-1.43,-115.69,2.0949,3.0860,6.7298,1
58.661,11,-18,53,0.62,53.79,205.4,1478,1478,-0.22,-1.43,-115.69,2.0949,3.0860,6.7298,1
58.678,7,-18,53,0.40,53.79,205.4,1478,1478,-0.22,-1.43,-115.69,2.0949,3.0860,6.7298,1
58.695,3,-17,54,0.17,52.79,205.1,1478,1478,-0.22,-1.43,-115.69,2.0949,3.0860,6.7298,1
58.712,-2,-17,54,-0.11,52.79,205.1,1475,1478,-0.22,-1.43,-115.69,2.0949,3.0860,6.7298,1
58.729,-6,-17,54,-0.33,52.79,205.1,1476,1478,-0.22,-1.43,-115.69,2.0949,3.0860,6.7298,1
58.746,-10,-17,54,-0.56,52.79,205.1,1476,1478,-0.22,-1.43,-115.69,2.0949,3.0860,6.7298,1
58.763,-14,-17,54,-0.78,52.79,205.1,1475,1478,-1.01,-1.29,-114.98,2.0949,3.0860,6.7298,1
58.780,-18,-17,54,-1.00,52.79,205.1,1475,1478,-1.01,-1.29,-114.98,2.0949,3.0860,6.7298,1
58.797,-22,-17,54,-1.22,52.79,205.1,1474,1478,-1.01,-1.29,-114.98,2.0949,3.0860,6.7298,1
58.814,-26,-16,55,-1.42,51.83,204.8,1473,1478,-1.01,-1.29,-114.98,3.6365,2.1236,7.2242,1
58.831,-30,-16,55,-1.64,51.83,204.8,1472,1478,-1.01,-1.29,-114.98,3.6365,2.1236,7.2242,1
58.848,-34,-16,55,-1.85,51.83,204.8,1472,1478,-1.01,-1.29,-114.98,3.6365,2.1236,7.2242,1
58.865,-37,-16,55,-2.02,51.83,204.8,1474,1478,-1.01,-1.29,-114.98,3.6365,2.1236,7.2242,1
58.882,-40,-16,55,-2.18,51.83,204.8,1475,1478,-1.01,-1.29,-114.98,3.6365,2.1236,7.2242,1
58.899,-43,-16,55,-2.35,51.83,204.8,1475,1478,-1.01,-1.29,-114.98,3.6365,2.1236,7.2242,1
58.916,-46,-16,55,-2.51,51.83,204.8,1474,1478,-1.01,-1.29,-114.98,3.6365,2.1236,7.2242,1
58.932,-49,-16,55,-2.67,51.83,204.8,1474,1478,-1.01,-1.29,-114.98,3.6365,2.1236,7.2242,1
58.949,-52,-16,55,-2.84,51.83,204.8,1473,1478,-1.01,-1.29,-114.98,3.6365,2.1236,7.2242,1
58.966,-54,-15,56,-2.89,50.91,204.4,1476,1478,-1.01,-1.29,-114.98,3.6365,2.1236,7.2242,1
58.983,-57,-15,56,-3.05,50.91,204.4,1474,1478,-1.01,-1.29,-114.98,3.6365,2.1236,7.2242,1
59.000,-59,-15,56,-3.16,50.91,204.4,1476,1478,-1.01,-1.29,-114.98,3.6365,2.1236,7.2242,1
59.017,-61,-15,56,-3.27,50.91,204.4,1476,1478,-1.73,-0.42,-115.01,3.6365,2.1236,7.2242,1
59.034,-63,-15,56,-3.38,50.91,204.4,1476,1478,-1.73,-0.42,-115.01,3.6365,2.1236,7.2242,1
59.051,-65,-14,57,-3.42,50.02,204.0,1476,1478,-1.73,-0.42,-115.01,3.6365,2.1236,7.2242,1
59.068,-66,-14,57,-3.47,50.02,204.0,1478,1478,-1.73,-0.42,-115.01,3.4598,2.0605,6.8716,1
59.086,-68,-14,57,-3.58,50.02,204.0,1477,1478,-1.73,-0.42,-115.01,3.4598,2.0605,6.8716,1
59.103,-70,-14,57,-3.68,50.02,204.0,1476,1478,-1.73,-0.42,-115.01,3.4598,2.0605,6.8716,1
59.120,-71,-14,57,-3.74,50.02,204.0,1478,1478,-1.73,-0.42,-115.01,3.4598,2.0605,6.8716,1
59.137,-72,-14,57,-3.79,50.02,204.0,1478,1478,-1.73,-0.42,-115.01,3.4598,2.0605,6.8716,1
59.154,-74,-14,57,-3.89,50.02,204.0,1477,1478,-1.73,-0.42,-115.01,3.4598,2.0605,6.8716,1
59.171,-75,-14,57,-3.95,50.02,204.0,1478,1478,-1.73,-0.42,-115.01,3.4598,2.0605,6.8716,1
59.188,-75,-14,57,-3.95,50.02,204.0,1478,1478,-1.73,-0.42,-115.01,3.4598,2.0605,6.8716,1
59.206,-76,-14,57,-4.00,50.02,204.0,1478,1478,-1.73,-0.42,-115.01,3.4598,2.0605,6.8716,1
59.223,-76,-13,58,-3.93,49.15,203.7,1478,1478,-1.73,-0.42,-115.01,3.4598,2.0605,6.8716,1
59.241,-76,-14,57,-4.00,50.02,204.0,1478,1478,-1.73,-0.42,-115.01,3.4598,2.0605,6.8716,1
59.258,-76,-14,57,-4.00,50.02,204.0,1478,1478,-1.30,-0.36,-115.78,3.4598,2.0605,6.8716,1
59.275,-75,-14,57,-3.95,50.02,204.0,1478,1478,-1.30,-0.36,-115.78,3.4598,2.0605,6.8716,1
59.292,-75,-14,57,-3.95,50.02,204.0,1478,1478,-1.30,-0.36,-115.78,3.4598,2.0605,6.8716,1
59.309,-75,-13,58,-3.88,49.15,203.7,1478,1478,-1.30,-0.36,-115.78,3.4598,2.0605,6.8716,1
59.326,-75,-13,58,-3.88,49.15,203.7,1478,1478,-1.30,-0.36,-115.78,2.0147,2.9474,6.8824,1
59.343,-75,-13,58,-3.88,49.15,203.7,1478,1478,-1.30,-0.36,-115.78,2.0147,2.9474,6.8824,1
59.360,-75,-13,58,-3.88,49.15,203.7,1478,1478,-1.30,-0.36,-115.78,2.0147,2.9474,6.8824,1
59.377,-75,-13,58,-3.88,49.15,203.7,1478,1478,-1.30,-0.36,-115.78,2.0147,2.9474,6.8824,1
59.394,-75,-13,58,-3.88,49.15,203.7,1478,1478,-1.30,-0.36,-115.78,2.0147,2.9474,6.8824,1
59.411,-75,-13,58,-3.88,49.15,203.7,1478,1478,-1.30,-0.36,-115.78,2.0147,2.9474,6.8824,1
59.428,-75,-13,58,-3.88,49.15,203.7,1478,1478,-1.30,-0.36,-115.78,2.0147,2.9474,6.8824,1
59.445,-76,-13,58,-3.93,49.15,203.7,1478,1478,-1.30,-0.36,-115.78,2.0147,2.9474,6.8824,1
59.462,-76,-13,58,-3.93,49.15,203.7,1478,1478,-1.30,-0.36,-115.78,2.0147,2.9474,6.8824,1
59.479,-76,-13,58,-3.93,49.15,203.7,1478,1478,-1.30,-0.36,-115.78,2.0147,2.9474,6.8824,1
59.495,-76,-13,58,-3.93,49.15,203.7,1478,1478,-1.30,-0.36,-115.78,2.0147,2.9474,6.8824,1
59.512,-76,-13,58,-3.93,49.15,203.7,1478,1478,-1.58,0.02,-116.54,2.0147,2.9474,6.8824,1
59.529,-76,-13,58,-3.93,49.15,203.7,1478,1478,-1.58,0.02,-116.54,2.0147,2.9474,6.8824,1
59.546,-76,-13,58,-3.93,49.15,203.7,1478,1478,-1.58,0.02,-116.54,2.0147,2.9474,6.8824,1
59.563,-76,-13,58,-3.93,49.15,203.7,1478,1478,-1.58,0.02,-116.54,2.0147,2.9474,6.8824,1
59.580,-76,-13,58,-3.93,49.15,203.7,1478,1478,-1.58,0.02,-116.54,1.5849,1.8485,7.0798,1
59.597,-76,-13,58,-3.93,49.15,203.7,1478,1478,-1.58,0.02,-116.54,1.5849,1.8485,7.0798,1
59.614,-75,-13,58,-3.88,49.15,203.7,1478,1478,-1.58,0.02,-116.54,1.5849,1.8485,7.0798,1
59.631,-74,-13,58,-3.83,49.15,203.7,1478,1478,-1.58,0.02,-116.54,1.5849,1.8485,7.0798,1
59.648,-73,-13,58,-3.78,49.15,203.7,1478,1478,-1.58,0.02,-116.54,1.5849,1.8485,7.0798,1
59.665,-72,-14,57,-3.79,50.02,204.0,1478,1478,-1.58,0.02,-116.54,1.5849,1.8485,7.0798,1
59.682,-72,-14,57,-3.79,50.02,204.0,1478,1478,-1.58,0.02,-116.54,1.5849,1.8485,7.0798,1
59.699,-71,-13,58,-3.67,49.15,203.7,1478,1478,-1.58,0.02,-116.54,1.5849,1.8485,7.0798,1
59.716,-70,-14,57,-3.68,50.02,204.0,1478,1478,-1.58,0.02,-116.54,1.5849,1.8485,7.0798,1
59.733,-69,-14,57,-3.63,50.02,204.0,1478,1478,-1.58,0.02,-116.54,1.5849,1.8485,7.0798,1
59.750,-68,-14,57,-3.58,50.02,204.0,1478,1478,-1.92,-0.14,-117.35,1.5849,1.8485,7.0798,1
59.767,-67,-14,57,-3.53,50.02,204.0,1478,1478,-1.92,-0.14,-117.35,1.5849,1.8485,7.0798,1
59.784,-67,-14,57,-3.53,50.02,204.0,1478,1478,-1.92,-0.14,-117.35,1.5849,1.8485,7.0798,1
59.801,-67,-14,57,-3.53,50.02,204.0,1478,1478,-1.92,-0.14,-117.35,1.5849,1.8485,7.0798,1
59.818,-66,-14,57,-3.47,50.02,204.0,1478,1478,-1.92,-0.14,-117.35,1.6188,2.5730,7.5798,1
59.835,-66,-14,57,-3.47,50.02,204.0,1478,1478,-1.92,-0.14,-117.35,1.6188,2.5730,7.5798,1
59.852,-66,-14,57,-3.47,50.02,204.0,1478,1478,-1.92,-0.14,-117.35,1.6188,2.5730,7.5798,1
59.869,-65,-14,57,-3.42,50.02,204.0,1478,1478,-1.92,-0.14,-117.35,1.6188,2.5730,7.5798,1
59.886,-65,-15,56,-3.48,50.91,204.4,1478,1478,-1.92,-0.14,-117.35,1.6188,2.5730,7.5798,1
59.903,-64,-15,56,-3.43,50.91,204.4,1478,1478,-1.92,-0.14,-117.35,1.6188,2.5730,7.5798,1
59.921,-63,-15,56,-3.38,50.91,204.4,1478,1478,-1.92,-0.14,-117.35,1.6188,2.5730,7.5798,1
59.940,-63,-15,56,-3.38,50.91,204.4,1478,1478,-1.92,-0.14,-117.35,1.6188,2.5730,7.5798,1
59.957,-63,-16,55,-3.44,51.83,204.8,1478,1478,-1.92,-0.14,-117.35,1.6188,2.5730,7.5798,1
59.974,-62,-16,55,-3.38,51.83,204.8,1478,1478,-1.92,-0.14,-117.35,1.6188,2.5730,7.5798,1
59.991,-62,-16,55,-3.38,51.83,204.8,1478,1478,-1.92,-0.14,-117.35,1.6188,2.5730,7.5798,1
60.008,-62,-16,55,-3.38,51.83,204.8,1478,1478,-2.09,-0.96,-116.99,1.6188,2.5730,7.5798,1
60.025,-62,-16,55,-3.38,51.83,204.8,1478,1478,-2.09,-0.96,-116.99,1.6188,2.5730,7.5798,1
60.042,-62,-17,54,-3.44,52.79,205.1,1478,1478,-2.09,-0.96,-116.99,1.6188,2.5730,7.5798,1
60.059,-62,-16,55,-3.38,51.83,204.8,1478,1478,-2.09,-0.96,-116.99,1.6188,2.5730,7.5798,1
60.076,-63,-17,54,-3.50,52.79,205.1,1478,1478,-2.09,-0.96,-116.99,1.4834,3.7816,7.9737,1
60.093,-63,-17,54,-3.50,52.79,205.1,1478,1478,-2.09,-0.96,-116.99,1.4834,3.7816,7.9737,1
60.110,-63,-17,54,-3.50,52.79,205.1,1478,1478,-2.09,-0.96,-116.99,1.4834,3.7816,7.9737,1
60.127,-63,-17,54,-3.50,52.79,205.1,1478,1478,-2.09,-0.96,-116.99,1.4834,3.7816,7.9737,1
60.144,-63,-17,54,-3.50,52.79,205.1,1478,1478,-2.09,-0.96,-116.99,1.4834,3.7816,7.9737,1
60.161,-64,-18,53,-3.62,53.79,205.4,1478,1478,-2.09,-0.96,-116.99,1.4834,3.7816,7.9737,1
60.178,-64,-18,53,-3.62,53.79,205.4,1478,1478,-2.09,-0.96,-116.99,1.4834,3.7816,7.9737,1
60.195,-65,-18,53,-3.68,53.79,205.4,1478,1478,-2.09,-0.96,-116.99,1.4834,3.7816,7.9737,1
60.212,-65,-18,53,-3.68,53.79,205.4,1478,1478,-2.09,-0.96,-116.99,1.4834,3.7816,7.9737,1
60.229,-65,-18,53,-3.68,53.79,205.4,1478,1478,-2.09,-0.96,-116.99,1.4834,3.7816,7.9737,1
60.246,-65,-19,52,-3.75,54.83,205.8,1478,1478,-2.09,-0.96,-116.99,1.4834,3.7816,7.9737,1
60.263,-64,-19,52,-3.69,54.83,205.8,1478,1478,-1.55,-1.99,-115.45,1.4834,3.7816,7.9737,1
60.280,-63,-19,52,-3.63,54.83,205.8,1478,1478,-1.55,-1.99,-115.45,1.4834,3.7816,7.9737,1
60.297,-62,-19,52,-3.58,54.83,205.8,1478,1478,-1.55,-1.99,-115.45,1.4834,3.7816,7.9737,1
60.314,-61,-19,52,-3.52,54.83,205.8,1478,1478,-1.55,-1.99,-115.45,1.4834,3.7816,7.9737,1
60.331,-60,-19,52,-3.46,54.83,205.8,1478,1478,-1.55,-1.99,-115.45,2.9921,2.7907,7.6191,1
60.348,-59,-19,52,-3.40,54.83,205.8,1478,1478,-1.55,-1.99,-115.45,2.9921,2.7907,7.6191,1
60.365,-58,-19,52,-3.35,54.83,205.8,1478,1478,-1.55,-1.99,-115.45,2.9921,2.7907,7.6191,1
60.382,-57,-19,52,-3.29,54.83,205.8,1478,1478,-1.55,-1.99,-115.45,2.9921,2.7907,7.6191,1
60.399,-56,-20,51,-3.29,55.90,206.1,1478,1478,-1.55,-1.99,-115.45,2.9921,2.7907,7.6191,0
60.416,-56,-20,51,-3.29,55.90,206.1,1478,1478,-1.55,-1.99,-115.45,2.9921,2.7907,7.6191,0
60.433,-55,-20,51,-3.24,55.90,206.1,1478,1478,-1.55,-1.99,-115.45,2.9921,2.7907,7.6191,0
60.450,-55,-20,51,-3.24,55.90,206.1,1478,1478,-1.55,-1.99,-115.45,2.9921,2.7907,7.6191,0
60.467,-54,-20,51,-3.18,55.90,206.1,1478,1478,-1.55,-1.99,-115.45,2.9921,2.7907,7.6191,0
60.484,-54,-20,51,-3.18,55.90,206.1,1478,1478,-1.55,-1.99,-115.45,2.9921,2.7907,7.6191,0
60.501,-52,-20,51,-3.06,55.90,206.1,1478,1478,-1.55,-1.99,-115.45,2.9921,2.7907,7.6191,0
60.518,-51,-20,51,-3.00,55.90,206.1,1478,1478,-1.49,-1.94,-114.63,2.9921,2.7907,7.6191,0
60.535,-50,-20,51,-2.94,55.90,206.1,1478,1478,-1.49,-1.94,-114.63,2.9921,2.7907,7.6191,0
60.552,-48,-20,51,-2.82,55.90,206.1,1478,1478,-1.49,-1.94,-114.63,2.9921,2.7907,7.6191,0
60.569,-46,-20,51,-2.71,55.90,206.1,1500,1478,-1.49,-1.94,-114.63,3.0691,1.7587,6.2328,0
60.586,-44,-20,51,-2.59,55.90,206.1,1522,1478,-1.49,-1.94,-114.63,3.0691,1.7587,6.2328,0
60.605,-42,-20,51,-2.47,55.90,206.1,1522,1478,-1.49,-1.94,-114.63,3.0691,1.7587,6.2328,0
60.622,-40,-21,50,-2.40,57.02,206.5,1522,1478,-1.49,-1.94,-114.63,3.0691,1.7587,6.2328,0
60.639,-36,-21,50,-2.16,57.02,206.5,1522,1478,-1.49,-1.94,-114.63,3.0691,1.7587,6.2328,0
60.656,-34,-21,50,-2.04,57.02,206.5,1522,1478,-1.49,-1.94,-114.63,3.0691,1.7587,6.2328,0
60.673,-32,-21,50,-1.92,57.02,206.5,1522,1478,-1.49,-1.94,-114.63,3.0691,1.7587,6.2328,0
60.691,-30,-21,50,-1.80,57.02,206.5,1522,1478,-1.49,-1.94,-114.63,3.0691,1.7587,6.2328,0
60.708,-30,-21,50,-1.80,57.02,206.5,1500,1478,-1.49,-1.94,-114.63,3.0691,1.7587,6.2328,0
60.726,-26,-20,51,-1.53,55.90,206.1,1522,1478,-1.49,-1.94,-114.63,3.0691,1.7587,6.2328,0
60.743,-23,-21,50,-1.38,57.02,206.5,1522,1478,-1.49,-1.94,-114.63,3.0691,1.7587,6.2328,0
60.760,-21,-21,50,-1.26,57.02,206.5,1522,1478,-1.30,-1.26,-114.32,3.0691,1.7587,6.2328,0
60.777,-20,-20,51,-1.18,55.90,206.1,1522,1478,-1.30,-1.26,-114.32,3.0691,1.7587,6.2328,0
60.794,-18,-20,51,-1.06,55.90,206.1,1522,1478,-1.30,-1.26,-114.32,3.0691,1.7587,6.2328,0
60.811,-16,-20,51,-0.94,55.90,206.1,1522,1478,-1.30,-1.26,-114.32,3.0691,1.7587,6.2328,0
60.828,-14,-21,50,-0.84,57.02,206.5,1522,1478,-1.30,-1.26,-114.32,2.9354,1.7453,7.2684,0
60.845,-12,-21,50,-0.72,57.02,206.5,1522,1478,-1.30,-1.26,-114.32,2.9354,1.7453,7.2684,0
60.862,-11,-21,50,-0.66,57.02,206.5,1522,1478,-1.30,-1.26,-114.32,2.9354,1.7453,7.2684,0
60.879,-10,-20,51,-0.59,55.90,206.1,1522,1478,-1.30,-1.26,-114.32,2.9354,1.7453,7.2684,0
60.896,-8,-20,51,-0.47,55.90,206.1,1522,1478,-1.30,-1.26,-114.32,2.9354,1.7453,7.2684,0
60.913,-6,-20,51,-0.35,55.90,206.1,1522,1478,-1.30,-1.26,-114.32,2.9354,1.7453,7.2684,0
60.930,-5,-20,51,-0.29,55.90,206.1,1522,1478,-1.30,-1.26,-114.32,2.9354,1.7453,7.2684,0
60.947,-3,-20,51,-0.18,55.90,206.1,1522,1478,-1.30,-1.26,-114.32,2.9354,1.7453,7.2684,0
60.963,-1,-20,51,-0.06,55.90,206.1,1522,1478,-1.30,-1.26,-114.32,2.9354,1.7453,7.2684,0
60.981,1,-20,51,0.06,55.90,206.1,1522,1478,-1.30,-1.26,-114.32,2.9354,1.7453,7.2684,0
60.998,3,-20,51,0.18,55.90,206.1,1522,1478,-1.30,-1.26,-114.32,2.9354,1.7453,7.2684,0
61.014,5,-20,51,0.29,55.90,206.1,1522,1478,-0.49,-1.20,-113.59,2.9354,1.7453,7.2684,0
61.031,7,-20,51,0.41,55.90,206.1,1522,1478,-0.49,-1.20,-113.59,2.9354,1.7453,7.2684,0
61.048,9,-20,51,0.53,55.90,206.1,1522,1478,-0.49,-1.20,-113.59,2.9354,1.7453,7.2684,0
61.065,10,-20,51,0.59,55.90,206.1,1522,1478,-0.49,-1.20,-113.59,2.0863,1.9589,5.5311,0
61.083,12,-20,51,0.71,55.90,206.1,1522,1478,-0.49,-1.20,-113.59,2.0863,1.9589,5.5311,0
61.099,14,-20,51,0.82,55.90,206.1,1522,1478,-0.49,-1.20,-113.59,2.0863,1.9589,5.5311,0
61.116,15,-20,51,0.88,55.90,206.1,1522,1478,-0.49,-1.20,-113.59,2.0863,1.9589,5.5311,0
61.133,16,-20,51,0.94,55.90,206.1,1522,1478,-0.49,-1.20,-113.59,2.0863,1.9589,5.5311,0
61.150,18,-19,52,1.04,54.83,205.8,1522,1478,-0.49,-1.20,-113.59,2.0863,1.9589,5.5311,1
61.168,19,-20,51,1.12,55.90,206.1,1522,1478,-0.49,-1.20,-113.59,2.0863,1.9589,5.5311,0
61.185,20,-19,52,1.15,54.83,205.8,1522,1478,-0.49,-1.20,-113.59,2.0863,1.9589,5.5311,1
61.202,22,-19,52,1.27,54.83,205.8,1522,1478,-0.49,-1.20,-113.59,2.0863,1.9589,5.5311,1
61.219,23,-19,52,1.33,54.83,205.8,1522,1478,-0.49,-1.20,-113.59,2.0863,1.9589,5.5311,1
61.238,24,-18,53,1.36,53.79,205.4,1522,1478,-0.49,-1.20,-113.59,2.0863,1.9589,5.5311,1
61.256,27,-18,53,1.53,53.79,205.4,1522,1478,0.14,-0.62,-113.14,2.0863,1.9589,5.5311,1
61.273,28,-18,53,1.58,53.79,205.4,1522,1478,0.14,-0.62,-113.14,2.0863,1.9589,5.5311,1
61.290,29,-18,53,1.64,53.79,205.4,1522,1478,0.14,-0.62,-113.14,2.0863,1.9589,5.5311,1
61.307,30,-18,53,1.70,53.79,205.4,1522,1478,0.14,-0.62,-113.14,2.0863,1.9589,5.5311,1
61.324,32,-18,53,1.81,53.79,205.4,1522,1478,0.14,-0.62,-113.14,3.9705,0.7840,9.3164,1
61.341,33,-18,53,1.87,53.79,205.4,1522,1478,0.14,-0.62,-113.14,3.9705,0.7840,9.3164,1
61.358,34,-18,53,1.92,53.79,205.4,1522,1478,0.14,-0.62,-113.14,3.9705,0.7840,9.3164,1
61.375,35,-18,53,1.98,53.79,205.4,1522,1478,0.14,-0.62,-113.14,3.9705,0.7840,9.3164,1
61.392,36,-18,53,2.04,53.79,205.4,1522,1478,0.14,-0.62,-113.14,3.9705,0.7840,9.3164,1
61.409,36,-18,53,2.04,53.79,205.4,1522,1478,0.14,-0.62,-113.14,3.9705,0.7840,9.3164,1
61.426,37,-18,53,2.09,53.79,205.4,1522,1478,0.14,-0.62,-113.14,3.9705,0.7840,9.3164,1
61.443,37,-18,53,2.09,53.79,205.4,1522,1478,0.14,-0.62,-113.14,3.9705,0.7840,9.3164,1
61.460,36,-17,54,2.00,52.79,205.1,1522,1478,0.14,-0.62,-113.14,3.9705,0.7840,9.3164,1
61.477,36,-17,54,2.00,52.79,205.1,1522,1478,0.14,-0.62,-113.14,3.9705,0.7840,9.3164,1
61.494,35,-17,54,1.94,52.79,205.1,1522,1478,0.14,-0.62,-113.14,3.9705,0.7840,9.3164,1
61.511,33,-17,54,1.83,52.79,205.1,1500,1478,0.30,0.19,-113.17,3.9705,0.7840,9.3164,1
61.528,32,-18,53,1.81,53.79,205.4,1500,1478,0.30,0.19,-113.17,3.9705,0.7840,9.3164,1
61.545,30,-18,53,1.70,53.79,205.4,1478,1478,0.30,0.19,-113.17,3.9705,0.7840,9.3164,1
61.562,29,-18,53,1.64,53.79,205.4,1500,1478,0.30,0.19,-113.17,2.4294,1.8574,6.3237,1
61.579,27,-17,54,1.50,52.79,205.1,1478,1478,0.30,0.19,-113.17,2.4294,1.8574,6.3237,1
61.595,24,-17,54,1.33,52.79,205.1,1478,1478,0.30,0.19,-113.17,2.4294,1.8574,6.3237,1
61.612,22,-17,54,1.22,52.79,205.1,1478,1478,0.30,0.19,-113.17,2.4294,1.8574,6.3237,1
61.629,20,-18,53,1.13,53.79,205.4,1478,1478,0.30,0.19,-113.17,2.4294,1.8574,6.3237,1
61.646,17,-17,54,0.94,52.79,205.1,1478,1478,0.30,0.19,-113.17,2.4294,1.8574,6.3237,1
61.663,14,-17,54,0.78,52.79,205.1,1478,1478,0.30,0.19,-113.17,2.4294,1.8574,6.3237,1
61.680,12,-17,54,0.67,52.79,205.1,1478,1478,0.30,0.19,-113.17,2.4294,1.8574,6.3237,1
61.697,10,-16,55,0.55,51.83,204.8,1478,1478,0.30,0.19,-113.17,2.4294,1.8574,6.3237,1
61.714,7,-16,55,0.38,51.83,204.8,1478,1478,0.30,0.19,-113.17,2.4294,1.8574,6.3237,1
61.731,5,-16,55,0.27,51.83,204.8,1478,1478,0.30,0.19,-113.17,2.4294,1.8574,6.3237,1
61.748,2,-16,55,0.11,51.83,204.8,1478,1478,0.30,0.19,-113.17,2.4294,1.8574,6.3237,1
61.765,0,-16,55,0.00,51.83,204.8,1478,1478,-0.19,0.59,-112.56,2.4294,1.8574,6.3237,1
61.782,-2,-16,55,-0.11,51.83,204.8,1478,1478,-0.19,0.59,-112.56,2.4294,1.8574,6.3237,1
61.799,-4,-15,56,-0.21,50.91,204.4,1478,1478,-0.19,0.59,-112.56,2.4294,1.8574,6.3237,1
61.816,-7,-15,56,-0.38,50.91,204.4,1478,1478,-0.19,0.59,-112.56,3.4511,1.3424,7.8065,1
61.833,-9,-15,56,-0.48,50.91,204.4,1478,1478,-0.19,0.59,-112.56,3.4511,1.3424,7.8065,1
61.850,-12,-15,56,-0.64,50.91,204.4,1478,1478,-0.19,0.59,-112.56,3.4511,1.3424,7.8065,1
61.867,-14,-15,56,-0.75,50.91,204.4,1478,1478,-0.19,0.59,-112.56,3.4511,1.3424,7.8065,1
61.884,-16,-15,56,-0.86,50.91,204.4,1478,1478,-0.19,0.59,-112.56,3.4511,1.3424,7.8065,1
61.901,-18,-15,56,-0.96,50.91,204.4,1478,1478,-0.19,0.59,-112.56,3.4511,1.3424,7.8065,1
61.918,-21,-15,56,-1.12,50.91,204.4,1478,1478,-0.19,0.59,-112.56,3.4511,1.3424,7.8065,1
61.936,-23,-15,56,-1.23,50.91,204.4,1478,1478,-0.19,0.59,-112.56,3.4511,1.3424,7.8065,1
61.953,-26,-15,56,-1.39,50.91,204.4,1478,1478,-0.19,0.59,-112.56,3.4511,1.3424,7.8065,1
61.970,-29,-15,56,-1.55,50.91,204.4,1478,1478,-0.19,0.59,-112.56,3.4511,1.3424,7.8065,1
61.987,-31,-15,56,-1.66,50.91,204.4,1478,1478,-0.19,0.59,-112.56,3.4511,1.3424,7.8065,1
62.005,-35,-15,56,-1.88,50.91,204.4,1476,1478,-0.75,0.57,-112.78,3.4511,1.3424,7.8065,1
62.022,-38,-15,56,-2.04,50.91,204.4,1476,1478,-0.75,0.57,-112.78,3.4511,1.3424,7.8065,1
62.039,-45,-15,56,-2.41,50.91,204.4,1464,1478,-0.75,0.57,-112.78,3.4511,1.3424,7.8065,1
62.056,-48,-15,56,-2.57,50.91,204.4,1468,1478,-0.75,0.57,-112.78,3.4511,1.3424,7.8065,1
62.073,-52,-15,56,-2.79,50.91,204.4,1468,1478,-0.75,0.57,-112.78,2.2871,2.1286,5.9069,1
62.090,-55,-15,56,-2.95,50.91,204.4,1470,1478,-0.75,0.57,-112.78,2.2871,2.1286,5.9069,1
62.107,-59,-15,56,-3.16,50.91,204.4,1468,1478,-0.75,0.57,-112.78,2.2871,2.1286,5.9069,1
62.124,-62,-15,56,-3.32,50.91,204.4,1469,1478,-0.75,0.57,-112.78,2.2871,2.1286,5.9069,1
62.141,-66,-15,56,-3.54,50.91,204.4,1467,1478,-0.75,0.57,-112.78,2.2871,2.1286,5.9069,1
62.158,-68,-15,56,-3.64,50.91,204.4,1471,1478,-0.75,0.57,-112.78,2.2871,2.1286,5.9069,1
62.175,-72,-15,56,-3.86,50.91,204.4,1467,1478,-0.75,0.57,-112.78,2.2871,2.1286,5.9069,1
62.192,-75,-15,56,-4.02,50.91,204.4,1468,1478,-0.75,0.57,-112.78,2.2871,2.1286,5.9069,1
62.209,-78,-15,56,-4.18,50.91,204.4,1468,1478,-0.75,0.57,-112.78,2.2871,2.1286,5.9069,1
62.226,-81,-15,56,-4.34,50.91,204.4,1468,1478,-0.75,0.57,-112.78,2.2871,2.1286,5.9069,1
62.243,-84,-15,56,-4.50,50.91,204.4,1467,1478,-0.75,0.57,-112.78,2.2871,2.1286,5.9069,1
62.260,-86,-16,55,-4.69,51.83,204.8,1469,1478,-2.04,0.08,-112.86,2.2871,2.1286,5.9069,1
62.277,-88,-16,55,-4.80,51.83,204.8,1470,1478,-2.04,0.08,-112.86,2.2871,2.1286,5.9069,1
62.294,-91,-17,54,-5.06,52.79,205.1,1468,1478,-2.04,0.08,-112.86,2.2871,2.1286,5.9069,1
62.311,-93,-17,54,-5.17,52.79,205.1,1469,1478,-2.04,0.08,-112.86,2.2871,2.1286,5.9069,1
62.328,-95,-17,54,-5.28,52.79,205.1,1469,1478,-2.04,0.08,-112.86,3.1691,1.8312,6.4657,1
62.345,-96,-17,54,-5.33,52.79,205.1,1472,1478,-2.04,0.08,-112.86,3.1691,1.8312,6.4657,1
62.362,-97,-17,54,-5.39,52.79,205.1,1474,1478,-2.04,0.08,-112.86,3.1691,1.8312,6.4657,1
62.379,-98,-17,54,-5.44,52.79,205.1,1475,1478,-2.04,0.08,-112.86,3.1691,1.8312,6.4657,1
62.396,-98,-17,54,-5.44,52.79,205.1,1478,1478,-2.04,0.08,-112.86,3.1691,1.8312,6.4657,1
62.413,-98,-17,54,-5.44,52.79,205.1,1478,1478,-2.04,0.08,-112.86,3.1691,1.8312,6.4657,1
62.430,-98,-17,54,-5.44,52.79,205.1,1478,1478,-2.04,0.08,-112.86,3.1691,1.8312,6.4657,1
62.447,-98,-17,54,-5.44,52.79,205.1,1478,1478,-2.04,0.08,-112.86,3.1691,1.8312,6.4657,1
62.464,-98,-17,54,-5.44,52.79,205.1,1478,1478,-2.04,0.08,-112.86,3.1691,1.8312,6.4657,1
62.481,-98,-17,54,-5.44,52.79,205.1,1478,1478,-2.04,0.08,-112.86,3.1691,1.8312,6.4657,1
62.498,-99,-16,55,-5.40,51.83,204.8,1478,1478,-1.96,-0.99,-113.86,3.1691,1.8312,6.4657,1
62.515,-99,-16,55,-5.40,51.83,204.8,1478,1478,-1.96,-0.99,-113.86,3.1691,1.8312,6.4657,1
62.532,-100,-16,55,-5.45,51.83,204.8,1477,1478,-1.96,-0.99,-113.86,3.1691,1.8312,6.4657,1
62.549,-100,-17,54,-5.56,52.79,205.1,1478,1478,-1.96,-0.99,-113.86,3.1691,1.8312,6.4657,1
62.566,-100,-17,54,-5.56,52.79,205.1,1478,1478,-1.96,-0.99,-113.86,3.8286,1.7582,7.7533,1
62.583,-100,-16,55,-5.45,51.83,204.8,1478,1478,-1.96,-0.99,-113.86,3.8286,1.7582,7.7533,1
62.600,-100,-16,55,-5.45,51.83,204.8,1478,1478,-1.96,-0.99,-113.86,3.8286,1.7582,7.7533,1
62.617,-101,-17,54,-5.61,52.79,205.1,1477,1478,-1.96,-0.99,-113.86,3.8286,1.7582,7.7533,1
62.634,-101,-16,55,-5.51,51.83,204.8,1478,1478,-1.96,-0.99,-113.86,3.8286,1.7582,7.7533,1
62.651,-101,-16,55,-5.51,51.83,204.8,1478,1478,-1.96,-0.99,-113.86,3.8286,1.7582,7.7533,1
62.668,-101,-16,55,-5.51,51.83,204.8,1478,1478,-1.96,-0.99,-113.86,3.8286,1.7582,7.7533,1
62.688,-102,-16,55,-5.56,51.83,204.8,1477,1478,-1.96,-0.99,-113.86,3.8286,1.7582,7.7533,1
62.705,-103,-15,56,-5.52,50.91,204.4,1476,1478,-1.96,-0.99,-113.86,3.8286,1.7582,7.7533,1
62.722,-103,-15,56,-5.52,50.91,204.4,1478,1478,-1.96,-0.99,-113.86,3.8286,1.7582,7.7533,1
62.739,-104,-15,56,-5.57,50.91,204.4,1476,1478,-1.96,-0.99,-113.86,3.8286,1.7582,7.7533,1
62.756,-105,-15,56,-5.62,50.91,204.4,1475,1478,-1.38,-1.16,-114.47,3.8286,1.7582,7.7533,1
62.773,-106,-15,56,-5.68,50.91,204.4,1474,1478,-1.38,-1.16,-114.47,3.8286,1.7582,7.7533,1
62.791,-108,-15,56,-5.79,50.91,204.4,1471,1478,-1.38,-1.16,-114.47,3.8286,1.7582,7.7533,1
62.807,-109,-15,56,-5.84,50.91,204.4,1472,1478,-1.38,-1.16,-114.47,3.8286,1.7582,7.7533,1
62.824,-110,-15,56,-5.89,50.91,204.4,1472,1478,-1.38,-1.16,-114.47,3.3828,2.0545,5.2901,1
62.841,-112,-15,56,-6.00,50.91,204.4,1469,1478,-1.38,-1.16,-114.47,3.3828,2.0545,5.2901,1
62.858,-114,-14,57,-6.00,50.02,204.0,1468,1478,-1.38,-1.16,-114.47,3.3828,2.0545,5.2901,1
62.875,-116,-14,57,-6.11,50.02,204.0,1467,1478,-1.38,-1.16,-114.47,3.3828,2.0545,5.2901,1
62.892,-119,-14,57,-6.26,50.02,204.0,1463,1478,-1.38,-1.16,-114.47,3.3828,2.0545,5.2901,1
62.909,-121,-14,57,-6.37,50.02,204.0,1464,1478,-1.38,-1.16,-114.47,3.3828,2.0545,5.2901,1
62.926,-124,-14,57,-6.53,50.02,204.0,1461,1478,-1.38,-1.16,-114.47,3.3828,2.0545,5.2901,1
62.943,-127,-14,57,-6.68,50.02,204.0,1460,1478,-1.38,-1.16,-114.47,3.3828,2.0545,5.2901,1
62.960,-130,-14,57,-6.84,50.02,204.0,1458,1478,-1.38,-1.16,-114.47,3.3828,2.0545,5.2901,1
62.977,-133,-13,58,-6.88,49.15,203.7,1457,1478,-1.38,-1.16,-114.47,3.3828,2.0545,5.2901,1
62.994,-136,-13,58,-7.03,49.15,203.7,1456,1478,-1.38,-1.16,-114.47,3.3828,2.0545,5.2901,1
63.011,-138,-13,58,-7.14,49.15,203.7,1459,1478,-1.87,-0.86,-113.69,3.3828,2.0545,5.2901,1
63.028,-141,-13,58,-7.29,49.15,203.7,1457,1478,-1.87,-0.86,-113.69,3.3828,2.0545,5.2901,1
63.045,-144,-13,58,-7.45,49.15,203.7,1456,1478,-1.87,-0.86,-113.69,3.3828,2.0545,5.2901,1
63.062,-147,-13,58,-7.60,49.15,203.7,1455,1478,-1.87,-0.86,-113.69,3.3828,2.0545,5.2901,1
63.079,-150,-12,59,-7.63,48.32,203.3,1454,1478,-1.87,-0.86,-113.69,4.4254,1.7472,6.4229,1
63.096,-152,-13,58,-7.86,49.15,203.7,1456,1478,-1.87,-0.86,-113.69,4.4254,1.7472,6.4229,1
63.113,-154,-12,59,-7.83,48.32,203.3,1457,1478,-1.87,-0.86,-113.69,4.4254,1.7472,6.4229,1
63.130,-157,-12,59,-7.98,48.32,203.3,1455,1478,-1.87,-0.86,-113.69,4.4254,1.7472,6.4229,1
63.147,-159,-12,59,-8.08,48.32,203.3,1456,1478,-1.87,-0.86,-113.69,4.4254,1.7472,6.4229,1
63.164,-161,-11,60,-8.05,47.52,203.0,1456,1478,-1.87,-0.86,-113.69,4.4254,1.7472,6.4229,1
63.181,-163,-11,60,-8.15,47.52,203.0,1456,1478,-1.87,-0.86,-113.69,4.4254,1.7472,6.4229,1
63.198,-165,-11,60,-8.25,47.52,203.0,1456,1478,-1.87,-0.86,-113.69,4.4254,1.7472,6.4229,1
63.215,-166,-11,60,-8.30,47.52,203.0,1459,1478,-1.87,-0.86,-113.69,4.4254,1.7472,6.4229,1
63.232,-167,-11,60,-8.35,47.52,203.0,1460,1478,-1.87,-0.86,-113.69,4.4254,1.7472,6.4229,1
63.249,-169,-10,61,-8.31,46.74,202.6,1458,1478,-1.87,-0.86,-113.69,4.4254,1.7472,6.4229,1
63.266,-171,-10,61,-8.41,46.74,202.6,1456,1478,-2.15,-0.59,-112.89,4.4254,1.7472,6.4229,1
63.283,-172,-9,62,-8.32,45.98,202.3,1458,1478,-2.15,-0.59,-112.89,4.4254,1.7472,6.4229,1
63.300,-173,-10,61,-8.51,46.74,202.6,1460,1478,-2.15,-0.59,-112.89,4.4254,1.7472,6.4229,1
63.320,-174,-9,62,-8.42,45.98,202.3,1460,1478,-2.15,-0.59,-112.89,4.0505,1.3024,8.2033,1
63.337,-175,-9,62,-8.47,45.98,202.3,1460,1478,-2.15,-0.59,-112.89,4.0505,1.3024,8.2033,1
63.354,-178,-8,63,-8.48,45.25,201.9,1454,1478,-2.15,-0.59,-112.89,4.0505,1.3024,8.2033,1
63.371,-179,-8,63,-8.52,45.25,201.9,1456,1478,-2.15,-0.59,-112.89,4.0505,1.3024,8.2033,1
63.388,-179,-8,63,-8.52,45.25,201.9,1460,1478,-2.15,-0.59,-112.89,4.0505,1.3024,8.2033,1
63.405,-181,-7,64,-8.48,44.55,201.6,1457,1500,-2.15,-0.59,-112.89,4.0505,1.3024,8.2033,1
63.422,-182,-6,65,-8.40,43.86,201.2,1458,1500,-2.15,-0.59,-112.89,4.0505,1.3024,8.2033,1
63.439,-183,-6,65,-8.45,43.86,201.2,1458,1478,-2.15,-0.59,-112.89,4.0505,1.3024,8.2033,1
63.456,-184,-6,65,-8.49,43.86,201.2,1458,1478,-2.15,-0.59,-112.89,4.0505,1.3024,8.2033,1
63.473,-184,-6,65,-8.49,43.86,201.2,1461,1478,-2.15,-0.59,-112.89,4.0505,1.3024,8.2033,1
63.490,-184,-5,66,-8.36,43.20,200.9,1463,1500,-2.15,-0.59,-112.89,4.0505,1.3024,8.2033,1
63.507,-184,-5,66,-8.36,43.20,200.9,1463,1478,-1.81,-0.68,-112.62,4.0505,1.3024,8.2033,1
63.524,-184,-4,67,-8.24,42.55,200.5,1464,1500,-1.81,-0.68,-112.62,4.0505,1.3024,8.2033,1
63.541,-184,-4,67,-8.24,42.55,200.5,1464,1500,-1.81,-0.68,-112.62,4.0505,1.3024,8.2033,1
63.558,-184,-3,68,-8.12,41.92,200.2,1464,1522,-1.81,-0.68,-112.62,4.0505,1.3024,8.2033,1
63.575,-183,-3,68,-8.07,41.92,200.2,1467,1500,-1.81,-0.68,-112.62,2.7619,1.5729,7.6658,1
63.592,-182,-3,68,-8.03,41.92,200.2,1468,1500,-1.81,-0.68,-112.62,2.7619,1.5729,7.6658,1
63.609,-181,-2,69,-7.87,41.32,199.8,1469,1522,-1.81,-0.68,-112.62,2.7619,1.5729,7.6658,1
63.626,-180,-2,69,-7.83,41.32,199.8,1470,1500,-1.81,-0.68,-112.62,2.7619,1.5729,7.6658,1
63.643,-180,-1,70,-7.71,40.73,199.5,1468,1522,-1.81,-0.68,-112.62,2.7619,1.5729,7.6658,1
63.660,-179,-1,70,-7.67,40.73,199.5,1469,1500,-1.81,-0.68,-112.62,2.7619,1.5729,7.6658,1
63.677,-178,0,71,-7.52,40.15,199.1,1470,1522,-1.81,-0.68,-112.62,2.7619,1.5729,7.6658,1
63.693,-178,0,71,-7.52,40.15,199.1,1468,1522,-1.81,-0.68,-112.62,2.7619,1.5729,7.6658,1
63.710,-178,1,72,-7.42,39.60,198.8,1466,1522,-1.81,-0.68,-112.62,2.7619,1.5729,7.6658,1
63.727,-178,2,73,-7.32,39.05,198.4,1466,1522,-1.81,-0.68,-112.62,2.7619,1.5729,7.6658,1
63.744,-178,2,73,-7.32,39.05,198.4,1465,1522,-1.81,-0.68,-112.62,2.7619,1.5729,7.6658,1
63.761,-179,3,74,-7.26,38.53,198.1,1462,1522,-0.66,-0.07,-113.54,2.7619,1.5729,7.6658,1
63.778,-179,4,75,-7.16,38.01,197.8,1464,1522,-0.66,-0.07,-113.54,2.7619,1.5729,7.6658,1
63.795,-180,4,75,-7.20,38.01,197.8,1461,1522,-0.66,-0.07,-113.54,2.7619,1.5729,7.6658,1
63.812,-181,5,76,-7.14,37.51,197.4,1460,1522,-0.66,-0.07,-113.54,2.8105,1.5190,7.5511,1
63.829,-183,6,77,-7.13,37.02,197.0,1456,1522,-0.66,-0.07,-113.54,2.8105,1.5190,7.5511,1
63.846,-184,6,77,-7.17,37.02,197.0,1457,1522,-0.66,-0.07,-113.54,2.8105,1.5190,7.5511,1
63.863,-186,7,78,-7.15,36.55,196.7,1455,1522,-0.66,-0.07,-113.54,2.8105,1.5190,7.5511,1
63.880,-188,7,78,-7.23,36.55,196.7,1453,1522,-0.66,-0.07,-113.54,2.8105,1.5190,7.5511,1
63.897,-190,8,79,-7.22,36.09,196.3,1452,1522,-0.66,-0.07,-113.54,2.8105,1.5190,7.5511,1
63.914,-193,9,80,-7.24,35.64,196.0,1448,1522,-0.66,-0.07,-113.54,2.8105,1.5190,7.5511,1
63.931,-195,9,80,-7.31,35.64,196.0,1449,1522,-0.66,-0.07,-113.54,2.8105,1.5190,7.5511,1
63.948,-198,10,81,-7.33,35.20,195.6,1432,1522,-0.66,-0.07,-113.54,2.8105,1.5190,7.5511,0
63.965,-202,11,82,-7.39,34.77,195.3,1427,1522,-0.66,-0.07,-113.54,2.8105,1.5190,7.5511,0
63.982,-205,12,83,-7.41,34.35,194.9,1427,1522,-0.66,-0.07,-113.54,2.8105,1.5190,7.5511,0
64.000,-208,13,84,-7.43,33.94,194.6,1427,1522,-0.66,-0.07,-113.54,2.8105,1.5190,7.5511,0
64.018,-212,13,84,-7.57,33.94,194.6,1423,1522,-2.33,0.81,-113.90,2.8105,1.5190,7.5511,0
64.035,-215,14,85,-7.59,33.54,194.2,1424,1522,-2.33,0.81,-113.90,2.8105,1.5190,7.5511,0
64.052,-218,15,86,-7.60,33.15,193.9,1424,1522,-2.33,0.81,-113.90,2.8105,1.5190,7.5511,0
64.069,-220,16,87,-7.59,32.77,193.5,1427,1522,-2.33,0.81,-113.90,3.4742,1.5229,8.0991,0
64.086,-223,16,87,-7.69,32.77,193.5,1425,1522,-2.33,0.81,-113.90,3.4742,1.5229,8.0991,0
64.104,-225,17,88,-7.67,32.40,193.2,1428,1522,-2.33,0.81,-113.90,3.4742,1.5229,8.0991,0
64.121,-227,18,89,-7.65,32.03,192.8,1428,1522,-2.33,0.81,-113.90,3.4742,1.5229,8.0991,0
64.138,-229,19,90,-7.63,31.68,192.5,1428,1522,-2.33,0.81,-113.90,3.4742,1.5229,8.0991,0
64.155,-230,20,91,-7.58,31.33,192.1,1432,1522,-2.33,0.81,-113.90,3.4742,1.5229,8.0991,0
64.172,-230,20,91,-7.58,31.33,192.1,1437,1522,-2.33,0.81,-113.90,3.4742,1.5229,8.0991,0
64.189,-229,21,92,-7.47,30.99,191.8,1444,1522,-2.33,0.81,-113.90,3.4742,1.5229,8.0991,0
64.206,-228,21,92,-7.43,30.99,191.8,1447,1522,-2.33,0.81,-113.90,3.4742,1.5229,8.0991,0
64.223,-226,22,93,-7.29,30.65,191.4,1453,1522,-2.33,0.81,-113.90,3.4742,1.5229,8.0991,0
64.240,-224,22,93,-7.23,30.65,191.4,1456,1522,-2.33,0.81,-113.90,3.4742,1.5229,8.0991,0
64.257,-221,23,94,-7.05,30.33,191.1,1462,1523,-4.08,1.53,-114.20,3.4742,1.5229,8.0991,0
64.274,-217,23,94,-6.93,30.33,191.1,1469,1522,-4.08,1.53,-114.20,3.4742,1.5229,8.0991,0
64.291,-213,24,95,-6.73,30.01,190.8,1472,1523,-4.08,1.53,-114.20,3.4742,1.5229,8.0991,0
64.308,-209,24,95,-6.60,30.01,190.8,1475,1522,-4.08,1.53,-114.20,3.4742,1.5229,8.0991,0
64.325,-203,25,96,-6.34,29.70,190.4,1478,1524,-4.08,1.53,-114.20,3.9496,1.1942,9.5261,0
64.341,-198,25,96,-6.19,29.70,190.4,1478,1522,-4.08,1.53,-114.20,3.9496,1.1942,9.5261,0
64.358,-191,25,96,-5.97,29.70,190.4,1478,1522,-4.08,1.53,-114.20,3.9496,1.1942,9.5261,0
64.375,-185,26,97,-5.72,29.39,190.0,1478,1522,-4.08,1.53,-114.20,3.9496,1.1942,9.5261,1
64.392,-178,26,97,-5.51,29.39,190.0,1500,1522,-4.08,1.53,-114.20,3.9496,1.1942,9.5261,1
64.409,-170,26,97,-5.26,29.39,190.0,1522,1522,-4.08,1.53,-114.20,3.9496,1.1942,9.5261,1
64.426,-163,26,97,-5.04,29.39,190.0,1522,1522,-4.08,1.53,-114.20,3.9496,1.1942,9.5261,1
64.443,-155,26,97,-4.79,29.39,190.0,1522,1522,-4.08,1.53,-114.20,3.9496,1.1942,9.5261,1
64.460,-147,27,98,-4.50,29.09,189.7,1522,1522,-4.08,1.53,-114.20,3.9496,1.1942,9.5261,1
64.477,-138,27,98,-4.22,29.09,189.7,1522,1522,-4.08,1.53,-114.20,3.9496,1.1942,9.5261,1
64.494,-129,27,98,-3.95,29.09,189.7,1523,1522,-4.08,1.53,-114.20,3.9496,1.1942,9.5261,1
64.511,-120,27,98,-3.67,29.09,189.7,1525,1522,-2.48,1.41,-115.03,3.9496,1.1942,9.5261,1
64.528,-111,27,98,-3.40,29.09,189.7,1528,1522,-2.48,1.41,-115.03,3.9496,1.1942,9.5261,1
64.545,-102,27,98,-3.12,29.09,189.7,1529,1522,-2.48,1.41,-115.03,3.9496,1.1942,9.5261,1
64.562,-93,28,99,-2.82,28.80,189.3,1531,1522,-2.48,1.41,-115.03,2.8113,1.6304,7.8053,1
64.579,-83,28,99,-2.52,28.80,189.3,1536,1522,-2.48,1.41,-115.03,2.8113,1.6304,7.8053,1
64.596,-72,26,97,-2.23,29.39,190.0,1543,1522,-2.48,1.41,-115.03,2.8113,1.6304,7.8053,1
64.613,-63,27,98,-1.93,29.09,189.7,1541,1522,-2.48,1.41,-115.03,2.8113,1.6304,7.8053,1
64.630,-53,26,97,-1.64,29.39,190.0,1544,1522,-2.48,1.41,-115.03,2.8113,1.6304,7.8053,1
64.647,-43,26,97,-1.33,29.39,190.0,1547,1522,-2.48,1.41,-115.03,2.8113,1.6304,7.8053,1
64.664,-32,26,97,-0.99,29.39,190.0,1552,1522,-2.48,1.41,-115.03,2.8113,1.6304,7.8053,1
64.681,-22,27,98,-0.67,29.09,189.7,1552,1522,-2.48,1.41,-115.03,2.8113,1.6304,7.8053,1
64.698,-12,27,98,-0.37,29.09,189.7,1553,1522,-2.48,1.41,-115.03,2.8113,1.6304,7.8053,1
64.716,-2,27,98,-0.06,29.09,189.7,1555,1522,-2.48,1.41,-115.03,2.8113,1.6304,7.8053,1
64.734,8,26,97,0.25,29.39,190.0,1556,1522,-2.48,1.41,-115.03,2.8113,1.6304,7.8053,1
64.751,18,26,97,0.56,29.39,190.0,1558,1522,-0.60,1.34,-115.40,2.8113,1.6304,7.8053,1
64.768,27,26,97,0.84,29.39,190.0,1557,1522,-0.60,1.34,-115.40,2.8113,1.6304,7.8053,1
64.785,36,26,97,1.11,29.39,190.0,1558,1522,-0.60,1.34,-115.40,2.8113,1.6304,7.8053,1
64.802,45,26,97,1.39,29.39,190.0,1560,1522,-0.60,1.34,-115.40,2.8113,1.6304,7.8053,1
64.819,54,26,97,1.67,29.39,190.0,1561,1522,-0.60,1.34,-115.40,3.4398,1.8864,7.7383,1
64.836,72,26,97,2.23,29.39,190.0,1580,1522,-0.60,1.34,-115.40,3.4398,1.8864,7.7383,1
64.853,80,27,98,2.45,29.09,189.7,1576,1522,-0.60,1.34,-115.40,3.4398,1.8864,7.7383,1
64.870,89,26,97,2.75,29.39,190.0,1572,1522,-0.60,1.34,-115.40,3.4398,1.8864,7.7383,1
64.887,97,26,97,3.00,29.39,190.0,1569,1522,-0.60,1.34,-115.40,3.4398,1.8864,7.7383,1
64.904,105,25,96,3.28,29.70,190.4,1568,1522,-0.60,1.34,-115.40,3.4398,1.8864,7.7383,1
64.921,113,25,96,3.53,29.70,190.4,1568,1522,-0.60,1.34,-115.40,3.4398,1.8864,7.7383,1
64.938,121,24,95,3.82,30.01,190.8,1569,1522,-0.60,1.34,-115.40,3.4398,1.8864,7.7383,1
64.955,128,24,95,4.04,30.01,190.8,1568,1522,-0.60,1.34,-115.40,3.4398,1.8864,7.7383,1
64.972,135,24,95,4.26,30.01,190.8,1568,1522,-0.60,1.34,-115.40,3.4398,1.8864,7.7383,1
64.989,142,23,94,4.53,30.33,191.1,1568,1522,-0.60,1.34,-115.40,3.4398,1.8864,7.7383,1
65.006,149,23,94,4.76,30.33,191.1,1569,1522,0.68,1.44,-115.43,3.4398,1.8864,7.7383,1
65.023,158,23,94,5.04,30.33,191.1,1576,1522,0.68,1.44,-115.43,3.4398,1.8864,7.7383,1
65.040,164,22,93,5.29,30.65,191.4,1572,1522,0.68,1.44,-115.43,3.4398,1.8864,7.7383,1
65.057,172,22,93,5.55,30.65,191.4,1576,1522,0.68,1.44,-115.43,3.4398,1.8864,7.7383,1
65.074,178,21,92,5.80,30.99,191.8,1573,1522,0.68,1.44,-115.43,3.2999,2.0693,6.2325,1
65.091,184,21,92,6.00,30.99,191.8,1572,1522,0.68,1.44,-115.43,3.2999,2.0693,6.2325,1
65.108,190,20,91,6.26,31.33,192.1,1572,1522,0.68,1.44,-115.43,3.2999,2.0693,6.2325,1
65.125,195,19,90,6.50,31.68,192.5,1588,1522,0.68,1.44,-115.43,3.2999,2.0693,6.2325,0
65.142,200,18,89,6.74,32.03,192.8,1587,1522,0.68,1.44,-115.43,3.2999,2.0693,6.2325,0
65.159,204,18,89,6.88,32.03,192.8,1583,1522,0.68,1.44,-115.43,3.2999,2.0693,6.2325,0
65.176,207,17,88,7.06,32.40,193.2,1578,1522,0.68,1.44,-115.43,3.2999,2.0693,6.2325,0
65.193,210,17,88,7.16,32.40,193.2,1576,1522,0.68,1.44,-115.43,3.2999,2.0693,6.2325,0
65.210,212,16,87,7.31,32.77,193.5,1572,1522,0.68,1.44,-115.43,3.2999,2.0693,6.2325,0
65.227,216,15,86,7.53,33.15,193.9,1577,1522,0.68,1.44,-115.43,3.2999,2.0693,6.2325,0
65.244,219,15,86,7.64,33.15,193.9,1577,1522,0.68,1.44,-115.43,3.2999,2.0693,6.2325,0
65.261,220,14,85,7.76,33.54,194.2,1569,1522,1.22,1.54,-116.55,3.2999,2.0693,6.2325,0
65.278,221,13,84,7.89,33.94,194.6,1566,1522,1.22,1.54,-116.55,3.2999,2.0693,6.2325,0
65.295,221,12,83,7.99,34.35,194.9,1560,1522,1.22,1.54,-116.55,3.2999,2.0693,6.2325,0
65.312,221,11,82,8.09,34.77,195.3,1558,1522,1.22,1.54,-116.55,2.3911,2.7805,6.7340,0
65.329,221,10,81,8.19,35.20,195.6,1556,1522,1.22,1.54,-116.55,2.3911,2.7805,6.7340,0
65.346,220,9,80,8.25,35.64,196.0,1552,1500,1.22,1.54,-116.55,2.3911,2.7805,6.7340,0
65.363,219,8,79,8.32,36.09,196.3,1549,1500,1.22,1.54,-116.55,2.3911,2.7805,6.7340,0
65.380,217,7,78,8.35,36.55,196.7,1544,1478,1.22,1.54,-116.55,2.3911,2.7805,6.7340,0
65.397,215,6,77,8.38,37.02,197.0,1542,1478,1.22,1.54,-116.55,2.3911,2.7805,6.7340,0
65.414,213,5,76,8.41,37.51,197.4,1540,1478,1.22,1.54,-116.55,2.3911,2.7805,6.7340,0
65.431,209,4,75,8.36,38.01,197.8,1531,1478,1.22,1.54,-116.55,2.3911,2.7805,6.7340,0
65.451,203,2,73,8.34,39.05,198.4,1535,1478,1.22,1.54,-116.55,2.3911,2.7805,6.7340,0
65.468,201,1,72,8.38,39.60,198.8,1522,1478,1.22,1.54,-116.55,2.3911,2.7805,6.7340,0
65.485,201,1,72,8.38,39.60,198.8,1535,1478,1.22,1.54,-116.55,2.3911,2.7805,6.7340,0
65.502,194,0,71,8.20,40.15,199.1,1522,1478,-0.13,0.50,-117.33,2.3911,2.7805,6.7340,1
65.519,190,-2,69,8.26,41.32,199.8,1522,1478,-0.13,0.50,-117.33,2.3911,2.7805,6.7340,1
65.536,185,-2,69,8.04,41.32,199.8,1522,1478,-0.13,0.50,-117.33,2.3911,2.7805,6.7340,1
65.553,181,-3,68,7.99,41.92,200.2,1522,1478,-0.13,0.50,-117.33,2.3911,2.7805,6.7340,1
65.570,177,-4,67,7.93,42.55,200.5,1522,1478,-0.13,0.50,-117.33,1.5558,3.1646,7.6683,1
65.587,172,-5,66,7.82,43.20,200.9,1522,1478,-0.13,0.50,-117.33,1.5558,3.1646,7.6683,1
65.604,168,-6,65,7.75,43.86,201.2,1522,1478,-0.13,0.50,-117.33,1.5558,3.1646,7.6683,1
65.621,163,-7,64,7.64,44.55,201.6,1522,1478,-0.13,0.50,-117.33,1.5558,3.1646,7.6683,1
65.638,158,-8,63,7.52,45.25,201.9,1522,1478,-0.13,0.50,-117.33,1.5558,3.1646,7.6683,1
65.655,154,-9,62,7.45,45.98,202.3,1522,1478,-0.13,0.50,-117.33,1.5558,3.1646,7.6683,1
65.672,148,-10,61,7.28,46.74,202.6,1500,1478,-0.13,0.50,-117.33,1.5558,3.1646,7.6683,1
65.689,144,-10,61,7.08,46.74,202.6,1522,1478,-0.13,0.50,-117.33,1.5558,3.1646,7.6683,1
65.706,138,-11,60,6.90,47.52,203.0,1478,1478,-0.13,0.50,-117.33,1.5558,3.1646,7.6683,1
65.723,134,-12,59,6.81,48.32,203.3,1500,1478,-0.13,0.50,-117.33,1.5558,3.1646,7.6683,1
65.740,128,-13,58,6.62,49.15,203.7,1478,1478,-0.13,0.50,-117.33,1.5558,3.1646,7.6683,1
65.757,123,-13,58,6.36,49.15,203.7,1478,1478,-1.54,-0.32,-116.89,1.5558,3.1646,7.6683,1
65.774,118,-14,57,6.21,50.02,204.0,1478,1478,-1.54,-0.32,-116.89,1.5558,3.1646,7.6683,1
65.791,114,-15,56,6.11,50.91,204.4,1478,1478,-1.54,-0.32,-116.89,1.5558,3.1646,7.6683,1
65.808,109,-16,55,5.95,51.83,204.8,1478,1478,-1.54,-0.32,-116.89,1.5558,3.1646,7.6683,1
65.825,104,-16,55,5.67,51.83,204.8,1478,1478,-1.54,-0.32,-116.89,1.6322,3.3559,8.0719,1
65.842,100,-17,54,5.56,52.79,205.1,1478,1478,-1.54,-0.32,-116.89,1.6322,3.3559,8.0719,1
65.858,94,-18,53,5.32,53.79,205.4,1478,1478,-1.54,-0.32,-116.89,1.6322,3.3559,8.0719,1
65.875,89,-19,52,5.13,54.83,205.8,1478,1478,-1.54,-0.32,-116.89,1.6322,3.3559,8.0719,1
65.892,84,-19,52,4.85,54.83,205.8,1478,1478,-1.54,-0.32,-116.89,1.6322,3.3559,8.0719,1
65.909,79,-20,51,4.65,55.90,206.1,1478,1478,-1.54,-0.32,-116.89,1.6322,3.3559,8.0719,0
65.926,74,-21,50,4.44,57.02,206.5,1478,1478,-1.54,-0.32,-116.89,1.6322,3.3559,8.0719,0
65.943,69,-21,50,4.14,57.02,206.5,1478,1478,-1.54,-0.32,-116.89,1.6322,3.3559,8.0719,0
65.960,64,-22,49,3.92,58.18,206.8,1478,1478,-1.54,-0.32,-116.89,1.6322,3.3559,8.0719,0
65.977,60,-22,49,3.67,58.18,206.8,1478,1478,-1.54,-0.32,-116.89,1.6322,3.3559,8.0719,0
65.994,55,-23,48,3.44,59.39,207.2,1478,1477,-1.54,-0.32,-116.89,1.6322,3.3559,8.0719,0
66.011,50,-23,48,3.12,59.39,207.2,1478,1478,-2.29,-0.80,-115.44,1.6322,3.3559,8.0719,0
66.029,46,-24,47,2.94,60.66,207.5,1478,1477,-2.29,-0.80,-115.44,1.6322,3.3559,8.0719,0
66.046,46,-24,47,2.94,60.66,207.5,1478,1478,-2.29,-0.80,-115.44,1.6322,3.3559,8.0719,0
66.063,42,-24,47,2.68,60.66,207.5,1478,1478,-2.29,-0.80,-115.44,3.1218,2.3572,7.9753,0
66.080,35,-25,46,2.28,61.98,207.9,1474,1476,-2.29,-0.80,-115.44,3.1218,2.3572,7.9753,0
66.097,32,-26,45,2.13,63.35,208.2,1478,1474,-2.29,-0.80,-115.44,3.1218,2.3572,7.9753,0
66.114,29,-26,45,1.93,63.35,208.2,1478,1477,-2.29,-0.80,-115.44,3.1218,2.3572,7.9753,0
66.133,27,-27,44,1.84,64.79,208.6,1478,1474,-2.29,-0.80,-115.44,3.1218,2.3572,7.9753,0
66.151,25,-27,44,1.70,64.79,208.6,1478,1477,-2.29,-0.80,-115.44,3.1218,2.3572,7.9753,0
66.168,22,-28,43,1.53,66.30,208.9,1478,1474,-2.29,-0.80,-115.44,3.1218,2.3572,7.9753,0
66.185,21,-29,42,1.50,67.88,209.3,1478,1472,-2.29,-0.80,-115.44,3.1218,2.3572,7.9753,0
66.202,20,-29,42,1.43,67.88,209.3,1478,1474,-2.29,-0.80,-115.44,3.1218,2.3572,7.9753,0
66.219,19,-29,42,1.36,67.88,209.3,1478,1476,-2.29,-0.80,-115.44,3.1218,2.3572,7.9753,0
66.236,18,-30,41,1.32,69.53,209.6,1478,1472,-2.29,-0.80,-115.44,3.1218,2.3572,7.9753,0
66.253,17,-30,41,1.24,69.53,209.6,1478,1474,-2.48,-1.51,-114.72,3.1218,2.3572,7.9753,0
66.270,16,-31,40,1.20,71.27,210.0,1478,1471,-2.48,-1.51,-114.72,3.1218,2.3572,7.9753,0
66.287,14,-31,40,1.05,71.27,210.0,1478,1473,-2.48,-1.51,-114.72,3.1218,2.3572,7.9753,0
66.304,13,-31,40,0.97,71.27,210.0,1478,1475,-2.48,-1.51,-114.72,3.1218,2.3572,7.9753,0
66.321,12,-32,39,0.92,73.10,210.3,1478,1471,-2.48,-1.51,-114.72,3.1286,1.8474,7.4370,0
66.338,11,-32,39,0.85,73.10,210.3,1478,1473,-2.48,-1.51,-114.72,3.1286,1.8474,7.4370,0
66.355,10,-33,38,0.79,75.02,210.7,1478,1470,-2.48,-1.51,-114.72,3.1286,1.8474,7.4370,0
66.372,10,-33,38,0.79,75.02,210.7,1478,1472,-2.48,-1.51,-114.72,3.1286,1.8474,7.4370,0
66.389,9,-33,38,0.71,75.02,210.7,1478,1473,-2.48,-1.51,-114.72,3.1286,1.8474,7.4370,0
66.406,9,-34,37,0.73,77.05,211.0,1500,1469,-2.48,-1.51,-114.72,3.1286,1.8474,7.4370,0
66.423,8,-34,37,0.65,77.05,211.0,1478,1471,-2.48,-1.51,-114.72,3.1286,1.8474,7.4370,0
66.440,8,-34,37,0.65,77.05,211.0,1500,1472,-2.48,-1.51,-114.72,3.1286,1.8474,7.4370,0
66.457,8,-35,36,0.67,79.19,211.4,1500,1468,-2.48,-1.51,-114.72,3.1286,1.8474,7.4370,0
66.474,8,-35,36,0.67,79.19,211.4,1522,1470,-2.48,-1.51,-114.72,3.1286,1.8474,7.4370,0
66.491,8,-35,36,0.67,79.19,211.4,1522,1471,-2.48,-1.51,-114.72,3.1286,1.8474,7.4370,0
66.508,9,-36,35,0.77,81.45,211.8,1522,1468,-1.78,-2.08,-114.31,3.1286,1.8474,7.4370,0
66.525,9,-36,35,0.77,81.45,211.8,1522,1470,-1.78,-2.08,-114.31,3.1286,1.8474,7.4370,0
66.542,10,-36,35,0.86,81.45,211.8,1522,1471,-1.78,-2.08,-114.31,3.1286,1.8474,7.4370,0
66.559,11,-36,35,0.94,81.45,211.8,1522,1471,-1.78,-2.08,-114.31,3.1286,1.8474,7.4370,0
66.576,12,-37,34,1.06,83.85,212.1,1522,1467,-1.78,-2.08,-114.31,2.6050,1.9119,6.6266,0
66.593,14,-37,34,1.24,83.85,212.1,1522,1469,-1.78,-2.08,-114.31,2.6050,1.9119,6.6266,0
66.610,16,-37,34,1.41,83.85,212.1,1522,1470,-1.78,-2.08,-114.31,2.6050,1.9119,6.6266,0
66.627,17,-37,34,1.50,83.85,212.1,1522,1470,-1.78,-2.08,-114.31,2.6050,1.9119,6.6266,0
66.644,19,-38,33,1.73,86.39,212.4,1522,1466,-1.78,-2.08,-114.31,2.6050,1.9119,6.6266,0
66.661,21,-38,33,1.91,86.39,212.4,1522,1468,-1.78,-2.08,-114.31,2.6050,1.9119,6.6266,0
66.678,22,-38,33,2.00,86.39,212.4,1522,1469,-1.78,-2.08,-114.31,2.6050,1.9119,6.6266,0
66.695,23,-39,32,2.16,89.09,212.8,1522,1465,-1.78,-2.08,-114.31,2.6050,1.9119,6.6266,0
66.712,24,-39,32,2.25,89.09,212.8,1522,1467,-1.78,-2.08,-114.31,2.6050,1.9119,6.6266,0
66.729,25,-39,32,2.34,89.09,212.8,1522,1468,-1.78,-2.08,-114.31,2.6050,1.9119,6.6266,0
66.746,26,-39,32,2.44,89.09,212.8,1522,1469,-1.78,-2.08,-114.31,2.6050,1.9119,6.6266,0
66.763,27,-39,32,2.53,89.09,212.8,1522,1469,-1.08,-2.84,-114.90,2.6050,1.9119,6.6266,0
66.781,27,-40,31,2.61,91.96,213.1,1522,1465,-1.08,-2.84,-114.90,2.6050,1.9119,6.6266,0
66.799,27,-40,31,2.61,91.96,213.1,1522,1466,-1.08,-2.84,-114.90,2.6050,1.9119,6.6266,0
66.816,28,-40,31,2.71,91.96,213.1,1522,1467,-1.08,-2.84,-114.90,2.8864,1.7946,8.1741,0
66.833,29,-40,31,2.81,91.96,213.1,1522,1468,-1.08,-2.84,-114.90,2.8864,1.7946,8.1741,0
66.851,29,-41,30,2.90,95.03,213.5,1522,1464,-1.08,-2.84,-114.90,2.8864,1.7946,8.1741,0
66.868,29,-41,30,2.90,95.03,213.5,1522,1466,-1.08,-2.84,-114.90,2.8864,1.7946,8.1741,0
66.885,29,-41,30,2.90,95.03,213.5,1522,1467,-1.08,-2.84,-114.90,2.8864,1.7946,8.1741,0
66.902,29,-41,30,2.90,95.03,213.5,1522,1467,-1.08,-2.84,-114.90,2.8864,1.7946,8.1741,0
66.919,29,-41,30,2.90,95.03,213.5,1522,1467,-1.08,-2.84,-114.90,2.8864,1.7946,8.1741,0
66.936,29,-41,30,2.90,95.03,213.5,1522,1467,-1.08,-2.84,-114.90,2.8864,1.7946,8.1741,0
66.953,29,-42,29,3.00,98.31,213.8,1522,1463,-1.08,-2.84,-114.90,2.8864,1.7946,8.1741,0
66.970,29,-42,29,3.00,98.31,213.8,1522,1465,-1.08,-2.84,-114.90,2.8864,1.7946,8.1741,0
66.987,29,-42,29,3.00,98.31,213.8,1522,1466,-1.08,-2.84,-114.90,2.8864,1.7946,8.1741,0
67.004,29,-42,29,3.00,98.31,213.8,1522,1466,-0.96,-3.82,-114.52,2.8864,1.7946,8.1741,0
67.021,29,-42,29,3.00,98.31,213.8,1522,1466,-0.96,-3.82,-114.52,2.8864,1.7946,8.1741,0
67.038,29,-42,29,3.00,98.31,213.8,1522,1467,-0.96,-3.82,-114.52,2.8864,1.7946,8.1741,0
67.055,28,-43,28,3.00,101.82,214.2,1522,1462,-0.96,-3.82,-114.52,2.8864,1.7946,8.1741,0
67.072,28,-43,28,3.00,101.82,214.2,1522,1464,-0.96,-3.82,-114.52,2.8679,1.7385,7.8429,0
67.089,27,-43,28,2.89,101.82,214.2,1522,1465,-0.96,-3.82,-114.52,2.8679,1.7385,7.8429,0
67.106,27,-43,28,2.89,101.82,214.2,1522,1465,-0.96,-3.82,-114.52,2.8679,1.7385,7.8429,0
67.122,26,-43,28,2.79,101.82,214.2,1522,1466,-0.96,-3.82,-114.52,2.8679,1.7385,7.8429,0
67.139,26,-43,28,2.79,101.82,214.2,1522,1466,-0.96,-3.82,-114.52,2.8679,1.7385,7.8429,0
67.156,25,-43,28,2.68,101.82,214.2,1522,1466,-0.96,-3.82,-114.52,2.8679,1.7385,7.8429,0
67.173,25,-44,27,2.78,105.59,214.5,1522,1462,-0.96,-3.82,-114.52,2.8679,1.7385,7.8429,0
67.190,24,-44,27,2.67,105.59,214.5,1522,1463,-0.96,-3.82,-114.52,2.8679,1.7385,7.8429,0
67.207,24,-44,27,2.67,105.59,214.5,1522,1464,-0.96,-3.82,-114.52,2.8679,1.7385,7.8429,0
67.224,24,-44,27,2.67,105.59,214.5,1522,1465,-0.96,-3.82,-114.52,2.8679,1.7385,7.8429,0
67.241,23,-44,27,2.56,105.59,214.5,1522,1465,-0.96,-3.82,-114.52,2.8679,1.7385,7.8429,0
67.258,22,-44,27,2.44,105.59,214.5,1500,1465,-1.17,-4.18,-113.78,2.8679,1.7385,7.8429,0
67.275,22,-44,27,2.44,105.59,214.5,1522,1465,-1.17,-4.18,-113.78,2.8679,1.7385,7.8429,0
67.292,21,-44,27,2.33,105.59,214.5,1500,1465,-1.17,-4.18,-113.78,2.8679,1.7385,7.8429,0
67.309,20,-44,27,2.22,105.59,214.5,1500,1465,-1.17,-4.18,-113.78,2.5489,1.8801,6.3160,0
67.326,19,-45,26,2.19,109.65,214.9,1478,1461,-1.17,-4.18,-113.78,2.5489,1.8801,6.3160,0
67.343,18,-45,26,2.08,109.65,214.9,1478,1463,-1.17,-4.18,-113.78,2.5489,1.8801,6.3160,0
67.360,17,-45,26,1.96,109.65,214.9,1478,1463,-1.17,-4.18,-113.78,2.5489,1.8801,6.3160,0
67.377,17,-45,26,1.96,109.65,214.9,1500,1464,-1.17,-4.18,-113.78,2.5489,1.8801,6.3160,0
67.394,16,-45,26,1.85,109.65,214.9,1478,1464,-1.17,-4.18,-113.78,2.5489,1.8801,6.3160,0
67.411,16,-45,26,1.85,109.65,214.9,1522,1464,-1.17,-4.18,-113.78,2.5489,1.8801,6.3160,0
67.428,16,-45,26,1.85,109.65,214.9,1522,1464,-1.17,-4.18,-113.78,2.5489,1.8801,6.3160,0
67.445,16,-45,26,1.85,109.65,214.9,1522,1464,-1.17,-4.18,-113.78,2.5489,1.8801,6.3160,0
67.463,16,-45,26,1.85,109.65,214.9,1522,1464,-1.17,-4.18,-113.78,2.5489,1.8801,6.3160,0
67.480,16,-45,26,1.85,109.65,214.9,1522,1464,-1.17,-4.18,-113.78,2.5489,1.8801,6.3160,0
67.497,17,-45,26,1.96,109.65,214.9,1522,1464,-1.62,-4.22,-113.32,2.5489,1.8801,6.3160,0
67.514,17,-45,26,1.96,109.65,214.9,1522,1464,-1.62,-4.22,-113.32,2.5489,1.8801,6.3160,0
67.532,18,-45,26,2.08,109.65,214.9,1522,1464,-1.62,-4.22,-113.32,2.5489,1.8801,6.3160,0
67.549,18,-45,26,2.08,109.65,214.9,1522,1464,-1.62,-4.22,-113.32,2.5489,1.8801,6.3160,0
67.566,19,-45,26,2.19,109.65,214.9,1522,1464,-1.62,-4.22,-113.32,2.5489,1.8801,6.3160,0
67.583,20,-45,26,2.31,109.65,214.9,1522,1464,-1.62,-4.22,-113.32,2.5489,1.8801,6.3160,0
67.601,21,-45,26,2.42,109.65,214.9,1522,1464,-1.62,-4.22,-113.32,2.5489,1.8801,6.3160,0
67.618,22,-45,26,2.54,109.65,214.9,1522,1464,-1.62,-4.22,-113.32,2.5489,1.8801,6.3160,0
67.635,23,-45,26,2.65,109.65,214.9,1522,1464,-1.62,-4.22,-113.32,2.5489,1.8801,6.3160,0
67.652,24,-45,26,2.77,109.65,214.9,1522,1464,-1.62,-4.22,-113.32,2.5489,1.8801,6.3160,0
67.669,25,-45,26,2.88,109.65,214.9,1522,1464,-1.62,-4.22,-113.32,2.5489,1.8801,6.3160,0
67.686,26,-45,26,3.00,109.65,214.9,1522,1464,-1.62,-4.22,-113.32,2.5489,1.8801,6.3160,0
67.703,26,-45,26,3.00,109.65,214.9,1522,1464,-1.62,-4.22,-113.32,2.5489,1.8801,6.3160,0
67.719,27,-45,26,3.12,109.65,214.9,1522,1464,-1.62,-4.22,-113.32,2.5489,1.8801,6.3160,0
67.736,28,-45,26,3.23,109.65,214.9,1522,1464,-1.62,-4.22,-113.32,2.5489,1.8801,6.3160,0
67.754,29,-45,26,3.35,109.65,214.9,1522,1464,-1.19,-3.43,-113.39,2.5489,1.8801,6.3160,0
67.771,29,-45,26,3.35,109.65,214.9,1522,1464,-1.19,-3.43,-113.39,2.5489,1.8801,6.3160,0
67.787,30,-45,26,3.46,109.65,214.9,1522,1464,-1.19,-3.43,-113.39,2.5489,1.8801,6.3160,0
67.804,30,-45,26,3.46,109.65,214.9,1522,1464,-1.19,-3.43,-113.39,2.5489,1.8801,6.3160,0
67.821,30,-45,26,3.46,109.65,214.9,1522,1464,-1.19,-3.43,-113.39,2.5489,1.8801,6.3160,0
67.838,30,-44,27,3.33,105.59,214.5,1522,1469,-1.19,-3.43,-113.39,2.5489,1.8801,6.3160,0
67.855,31,-44,27,3.44,105.59,214.5,1522,1467,-1.19,-3.43,-113.39,2.5489,1.8801,6.3160,0
